118
95 14 0 0
95 14 1 0
95 14 2 0
95 14 3 0
95 14 4 0
95 14 5 0
95 14 6 0
95 14 7 0
95 14 8 0
95 14 9 0
92 14 0 1
95 14 1 1
95 14 6 1
95 14 7 1
95 14 8 1
92 14 10 1
47 14 0 2
92 14 6 2
92 14 9 2
47 14 10 2
92 14 1 3
92 14 7 3
95 14 8 3
95 14 9 3
95 14 10 3
95 14 11 3
92 14 2 4
95 14 3 4
95 14 4 4
95 14 5 4
95 14 6 4
95 14 7 4
95 14 8 4
47 14 11 4
92 14 9 5
47 14 10 5
95 14 11 1
95 14 12 1
95 14 13 1
95 14 14 1
95 14 15 1
95 14 16 1
95 14 17 1
92 14 11 2
95 14 12 2
95 14 15 2
95 14 16 2
92 14 18 2
124 14 12 3
124 14 15 3
92 14 17 3
124 14 12 4
95 14 13 4
95 14 14 4
124 14 15 4
95 14 20 1
95 14 21 1
95 14 22 1
95 14 23 1
47 14 19 2
92 14 24 2
40 14 18 3
41 14 25 3
92 14 19 4
95 14 20 4
95 14 21 4
95 14 22 4
95 14 23 4
47 14 24 4
95 14 26 1
95 14 27 1
95 14 28 1
95 14 29 1
95 14 30 1
95 14 31 1
47 14 25 2
95 14 28 2
95 14 29 2
95 14 30 2
60 14 21 3
95 14 22 3
62 14 23 3
95 14 22 2
47 14 31 2
95 14 26 3
95 14 27 3
95 14 28 3
92 14 30 3
95 14 25 4
95 14 26 4
95 14 27 4
95 14 28 4
62 14 31 4
92 14 29 5
47 14 30 5
95 14 33 1
95 14 34 1
95 14 35 1
95 14 36 1
95 14 37 1
95 14 38 1
47 14 32 2
95 14 35 2
95 14 36 2
95 14 37 2
47 14 38 2
92 14 32 3
95 14 33 3
95 14 34 3
95 14 35 3
92 14 37 3
95 14 32 4
95 14 33 4
95 14 34 4
95 14 35 4
62 14 38 4
92 14 36 5
47 14 37 5
