100
95 10 0 0
95 10 1 0
95 10 2 0
95 10 3 0
95 10 4 0
95 10 5 0
95 10 6 0
95 10 7 0
92 10 0 1
95 10 1 1
95 10 2 1
95 10 3 1
95 10 4 1
95 10 5 1
95 10 6 1
92 10 8 1
124 10 1 2
124 10 6 2
92 10 9 2
95 10 10 2
124 10 1 3
96 10 6 3
92 10 10 3
47 10 0 4
95 10 1 4
95 10 2 4
95 10 3 4
95 10 4 4
95 10 5 4
95 10 6 4
95 10 7 4
47 10 10 4
92 10 8 5
47 10 9 5
95 10 12 1
95 10 13 1
95 10 14 1
95 10 15 1
47 10 11 2
95 10 13 2
95 10 14 2
92 10 16 2
95 10 13 3
95 10 14 3
95 10 15 3
47 10 16 3
92 10 11 4
95 10 12 4
95 10 13 4
95 10 14 4
92 10 15 5
47 10 16 5
95 10 17 1
95 10 18 1
95 10 19 1
95 10 20 1
95 10 21 1
92 10 17 2
95 10 18 2
95 10 19 2
92 10 22 2
47 10 18 3
95 10 20 3
95 10 21 3
92 10 23 3
95 10 24 3
62 10 17 4
95 10 18 4
95 10 19 4
95 10 20 4
95 10 21 4
47 10 24 4
92 10 22 5
47 10 23 5
250 10 29 0
95 10 30 0
95 10 31 0
95 10 32 0
95 10 27 1
95 10 28 1
124 10 29 1
95 10 31 1
47 10 32 1
47 10 26 2
95 10 28 2
95 10 29 2
124 10 31 2
47 10 25 3
47 10 27 3
95 10 28 3
47 10 29 3
124 10 31 3
92 10 25 4
95 10 26 4
95 10 27 4
95 10 28 4
95 10 29 4
124 10 31 4
92 10 30 5
47 10 31 5