145
46 15 1 0
45 15 2 0
45 15 3 0
45 15 4 0
45 15 5 0
45 15 6 0
45 15 7 0
45 15 8 0
45 15 9 0
45 15 10 0
45 15 11 0
45 15 12 0
45 15 13 0
45 15 14 0
45 15 15 0
45 15 16 0
45 15 17 0
46 15 18 0
124 15 0 1
46 15 2 1
45 15 3 1
45 15 4 1
45 15 5 1
45 15 6 1
45 15 7 1
45 15 8 1
45 15 9 1
45 15 10 1
45 15 11 1
45 15 12 1
45 15 13 1
45 15 14 1
45 15 15 1
45 15 16 1
46 15 17 1
124 15 19 1
124 15 0 2
124 15 2 2
95 15 7 2
95 15 8 2
95 15 9 2
95 15 10 2
95 15 11 2
95 15 12 2
124 15 17 2
124 15 19 2
124 15 0 3
124 15 2 3
46 15 5 3
39 15 6 3
95 15 8 3
95 15 9 3
95 15 10 3
124 15 13 3
124 15 17 3
124 15 19 3
124 15 0 4
124 15 2 4
47 15 4 4
46 15 6 4
39 15 7 4
92 15 11 4
95 15 12 4
124 15 13 4
124 15 17 4
124 15 19 4
124 15 0 5
124 15 2 5
124 15 4 5
124 15 6 5
95 15 11 5
95 15 12 5
95 15 13 5
95 15 14 5
124 15 17 5
124 15 19 5
124 15 0 6
124 15 2 6
92 15 4 6
96 15 6 6
46 15 7 6
95 15 8 6
95 15 9 6
95 15 10 6
93 15 11 6
95 15 14 6
124 15 15 6
124 15 17 6
124 15 19 6
124 15 0 7
124 15 2 7
96 15 5 7
46 15 6 7
95 15 7 7
95 15 8 7
95 15 9 7
95 15 10 7
95 15 11 7
46 15 12 7
39 15 13 7
124 15 17 7
124 15 19 7
124 15 0 8
124 15 2 8
124 15 17 8
124 15 19 8
124 15 0 9
39 15 2 9
45 15 3 9
45 15 4 9
45 15 5 9
45 15 6 9
45 15 7 9
45 15 8 9
45 15 9 9
45 15 10 9
45 15 11 9
45 15 12 9
45 15 13 9
45 15 14 9
45 15 15 9
45 15 16 9
39 15 17 9
124 15 19 9
39 15 1 10
45 15 2 10
45 15 3 10
45 15 4 10
45 15 5 10
45 15 6 10
45 15 7 10
45 15 8 10
45 15 9 10
45 15 10 10
45 15 11 10
45 15 12 10
45 15 13 10
45 15 14 10
45 15 15 10
45 15 16 10
45 15 17 10
39 15 18 10