0 0 0 1 0 1 1 0
11 11 4 11 98 11 1 1 0
12 11 4 11 98 11 1 1 0
13 11 4 11 98 11 1 1 0
14 11 4 11 98 11 1 1 0
15 11 4 11 98 11 1 1 0
16 11 4 11 98 11 1 1 0
17 11 4 11 98 11 1 1 0
11 12 4 12 98 12 1 1 0
12 12 4 12 98 12 1 1 0
13 12 4 12 98 12 1 1 0
14 12 4 12 98 12 1 1 0
15 12 4 12 98 12 1 1 0
16 12 4 12 98 12 1 1 0
17 12 4 12 98 12 1 1 0
10 13 4 13 98 13 1 1 0
11 13 4 13 98 13 1 1 0
12 13 4 13 98 13 1 1 0
17 13 4 13 98 13 1 1 0
43 11 4 11 98 11 1 1 0
44 11 4 11 98 11 1 1 0
45 11 4 11 98 11 1 1 0
46 11 4 11 98 11 1 1 0
47 11 4 11 98 11 1 1 0
48 11 4 11 98 11 1 1 0
49 11 4 11 98 11 1 1 0
43 12 4 12 98 12 1 1 0
44 12 4 12 98 12 1 1 0
45 12 4 12 98 12 1 1 0
46 12 4 12 98 12 1 1 0
47 12 4 12 98 12 1 1 0
48 12 4 12 98 12 1 1 0
49 12 4 12 98 12 1 1 0
42 13 4 13 98 13 1 1 0
43 13 4 13 98 13 1 1 0
44 13 4 13 98 13 1 1 0
49 13 4 13 98 13 1 1 0
75 11 4 11 98 11 1 1 0
76 11 4 11 98 11 1 1 0
77 11 4 11 98 11 1 1 0
78 11 4 11 98 11 1 1 0
79 11 4 11 98 11 1 1 0
80 11 4 11 98 11 1 1 0
81 11 4 11 98 11 1 1 0
75 12 4 12 98 12 1 1 0
76 12 4 12 98 12 1 1 0
77 12 4 12 98 12 1 1 0
78 12 4 12 98 12 1 1 0
79 12 4 12 98 12 1 1 0
80 12 4 12 98 12 1 1 0
81 12 4 12 98 12 1 1 0
74 13 4 13 98 13 1 1 0
75 13 4 13 98 13 1 1 0
76 13 4 13 98 13 1 1 0
81 13 4 13 98 13 1 1 0
92 16 4 16 98 16 0 1 0
93 16 4 16 98 16 0 1 0
94 16 4 16 98 16 0 1 0
91 17 4 17 98 17 0 1 0
92 17 4 17 98 17 0 1 0
93 17 4 17 98 17 0 1 0
94 17 4 17 98 17 0 1 0
95 17 4 17 98 17 0 1 0
91 18 4 18 98 18 0 1 0
91 18 4 18 98 18 0 1 0
92 18 4 18 98 18 0 1 0
93 18 4 18 98 18 0 1 0
94 18 4 18 98 18 0 1 0
95 18 4 18 98 18 0 1 0
96 18 4 18 98 18 0 1 0
92 19 4 19 98 19 0 1 0
94 19 4 19 98 19 0 1 0
32 16 4 16 98 16 0 1 0
33 16 4 16 98 16 0 1 0
34 16 4 16 98 16 0 1 0
31 17 4 17 98 17 0 1 0
32 17 4 17 98 17 0 1 0
33 17 4 17 98 17 0 1 0
34 17 4 17 98 17 0 1 0
35 17 4 17 98 17 0 1 0
30 18 4 18 98 18 0 1 0
31 18 4 18 98 18 0 1 0
32 18 4 18 98 18 0 1 0
33 18 4 18 98 18 0 1 0
34 18 4 18 98 18 0 1 0
35 18 4 18 98 18 0 1 0
36 18 4 18 98 18 0 1 0
32 19 4 19 98 19 0 1 0
34 19 4 19 98 19 0 1 0
64 16 4 16 98 16 0 1 0
65 16 4 16 98 16 0 1 0
66 16 4 16 98 16 0 1 0
63 17 4 17 98 17 0 1 0
64 17 4 17 98 17 0 1 0
65 17 4 17 98 17 0 1 0
66 17 4 17 98 17 0 1 0
67 17 4 17 98 17 0 1 0
62 18 4 18 98 18 0 1 0
63 18 4 18 98 18 0 1 0
64 18 4 18 98 18 0 1 0
65 18 4 18 98 18 0 1 0
66 18 4 18 98 18 0 1 0
67 18 4 18 98 18 0 1 0
68 18 4 18 98 18 0 1 0
64 19 4 19 98 19 0 1 0
66 19 4 19 98 19 0 1 0
