186 13 0 0 1
186 13 99 0 1
186 13 0 1 1
186 13 99 1 1
186 13 0 2 1
186 13 99 2 1
186 13 0 3 1
186 13 99 3 1
186 13 0 4 1
186 13 99 4 1
186 13 0 5 1
186 13 99 5 1
186 13 0 6 1
186 13 99 6 1
186 13 0 7 1
186 13 99 7 1
186 13 0 8 1
186 13 99 8 1
186 13 0 9 1
186 13 99 9 1
186 13 0 10 1
186 13 99 10 1
186 13 0 11 1
186 13 99 11 1
186 13 0 12 1
186 13 99 12 1
186 13 0 13 1
186 13 99 13 1
186 13 0 14 1
186 13 99 14 1
186 13 0 15 1
186 13 99 15 1
186 13 0 16 1
186 13 99 16 1
186 13 0 17 1
186 13 99 17 1
186 13 0 18 1
186 13 99 18 1
186 13 0 19 1
186 13 99 19 1
186 13 0 20 1
186 13 99 20 1
186 13 0 21 1
186 13 99 21 1
186 13 0 22 1
186 13 99 22 1
186 13 0 23 1
186 13 99 23 1
186 13 0 24 1
186 13 99 24 1
186 13 0 25 1
186 13 99 25 1
186 13 0 26 1
186 13 99 26 1
186 13 0 27 1
186 13 99 27 1
186 13 0 28 1
186 13 99 28 1
186 13 0 29 1
186 13 99 29 1
205 13 0 0 1
205 13 0 29 1
205 13 1 0 1
205 13 1 29 1
205 13 2 0 1
205 13 2 29 1
205 13 3 0 1
205 13 3 29 1
205 13 4 0 1
205 13 4 29 1
205 13 5 0 1
205 13 5 29 1
205 13 6 0 1
205 13 6 29 1
205 13 7 0 1
205 13 7 29 1
205 13 8 0 1
205 13 8 29 1
205 13 9 0 1
205 13 9 29 1
205 13 10 0 1
205 13 10 29 1
205 13 11 0 1
205 13 11 29 1
205 13 12 0 1
205 13 12 29 1
205 13 13 0 1
205 13 13 29 1
205 13 14 0 1
205 13 14 29 1
205 13 15 0 1
205 13 15 29 1
205 13 16 0 1
205 13 16 29 1
205 13 17 0 1
205 13 17 29 1
205 13 18 0 1
205 13 18 29 1
205 13 19 0 1
205 13 19 29 1
205 13 20 0 1
205 13 20 29 1
205 13 21 0 1
205 13 21 29 1
205 13 22 0 1
205 13 22 29 1
205 13 23 0 1
205 13 23 29 1
205 13 24 0 1
205 13 24 29 1
205 13 25 0 1
205 13 25 29 1
205 13 26 0 1
205 13 26 29 1
205 13 27 0 1
205 13 27 29 1
205 13 28 0 1
205 13 28 29 1
205 13 29 0 1
205 13 29 29 1
205 13 30 0 1
205 13 30 29 1
205 13 31 0 1
205 13 31 29 1
205 13 32 0 1
205 13 32 29 1
205 13 33 0 1
205 13 33 29 1
205 13 34 0 1
205 13 34 29 1
205 13 35 0 1
205 13 35 29 1
205 13 36 0 1
205 13 36 29 1
205 13 37 0 1
205 13 37 29 1
205 13 38 0 1
205 13 38 29 1
205 13 39 0 1
205 13 39 29 1
205 13 40 0 1
205 13 40 29 1
205 13 41 0 1
205 13 41 29 1
205 13 42 0 1
205 13 42 29 1
205 13 43 0 1
205 13 43 29 1
205 13 44 0 1
205 13 44 29 1
205 13 45 0 1
205 13 45 29 1
205 13 46 0 1
205 13 46 29 1
205 13 47 0 1
205 13 47 29 1
205 13 48 0 1
205 13 48 29 1
205 13 49 0 1
205 13 49 29 1
205 13 50 0 1
205 13 50 29 1
205 13 51 0 1
205 13 51 29 1
205 13 52 0 1
205 13 52 29 1
205 13 53 0 1
205 13 53 29 1
205 13 54 0 1
205 13 54 29 1
205 13 55 0 1
205 13 55 29 1
205 13 56 0 1
205 13 56 29 1
205 13 57 0 1
205 13 57 29 1
205 13 58 0 1
205 13 58 29 1
205 13 59 0 1
205 13 59 29 1
205 13 60 0 1
205 13 60 29 1
205 13 61 0 1
205 13 61 29 1
205 13 62 0 1
205 13 62 29 1
205 13 63 0 1
205 13 63 29 1
205 13 64 0 1
205 13 64 29 1
205 13 65 0 1
205 13 65 29 1
205 13 66 0 1
205 13 66 29 1
205 13 67 0 1
205 13 67 29 1
205 13 68 0 1
205 13 68 29 1
205 13 69 0 1
205 13 69 29 1
205 13 70 0 1
205 13 70 29 1
205 13 71 0 1
205 13 71 29 1
205 13 72 0 1
205 13 72 29 1
205 13 73 0 1
205 13 73 29 1
205 13 74 0 1
205 13 74 29 1
205 13 75 0 1
205 13 75 29 1
205 13 76 0 1
205 13 76 29 1
205 13 77 0 1
205 13 77 29 1
205 13 78 0 1
205 13 78 29 1
205 13 79 0 1
205 13 79 29 1
205 13 80 0 1
205 13 80 29 1
205 13 81 0 1
205 13 81 29 1
205 13 82 0 1
205 13 82 29 1
205 13 83 0 1
205 13 83 29 1
205 13 84 0 1
205 13 84 29 1
205 13 85 0 1
205 13 85 29 1
205 13 86 0 1
205 13 86 29 1
205 13 87 0 1
205 13 87 29 1
205 13 88 0 1
205 13 88 29 1
205 13 89 0 1
205 13 89 29 1
205 13 90 0 1
205 13 90 29 1
205 13 91 0 1
205 13 91 29 1
205 13 92 0 1
205 13 92 29 1
205 13 93 0 1
205 13 93 29 1
205 13 94 0 1
205 13 94 29 1
205 13 95 0 1
205 13 95 29 1
205 13 96 0 1
205 13 96 29 1
205 13 97 0 1
205 13 97 29 1
205 13 98 0 1
205 13 98 29 1
205 13 99 0 1
205 13 99 29 1
201 13 0 0 1
200 13 0 29 1
187 13 99 0 1
188 13 99 29 1
232 10 1 26 1
157 6 1 27 1
232 10 3 26 1
157 6 3 27 1
232 10 5 26 1
157 6 5 27 1
232 10 7 26 1
157 6 7 27 1
232 10 9 26 1
157 6 9 27 1
232 10 11 26 1
157 6 11 27 1
232 10 13 26 1
157 6 13 27 1
232 10 15 26 1
157 6 15 27 1
232 10 17 26 1
157 6 17 27 1
232 10 19 26 1
157 6 19 27 1
145 12 1 2 1
157 6 1 1 1
145 12 3 2 1
157 6 3 1 1
145 12 5 2 1
157 6 5 1 1
145 12 7 2 1
157 6 7 1 1
145 12 9 2 1
157 6 9 1 1
145 12 11 2 1
157 6 11 1 1
145 12 13 2 1
157 6 13 1 1
145 12 15 2 1
157 6 15 1 1
145 12 17 2 1
157 6 17 1 1
145 12 19 2 1
157 6 19 1 1
145 12 21 2 1
157 6 21 1 1
145 12 23 2 1
157 6 23 1 1
145 12 25 2 1
157 6 25 1 1
145 12 27 2 1
157 6 27 1 1
145 12 29 2 1
157 6 29 1 1
145 12 31 2 1
157 6 31 1 1
145 12 33 2 1
157 6 33 1 1
167 12 40 26 1
157 6 40 27 1
167 12 42 26 1
157 6 42 27 1
167 12 44 26 1
157 6 44 27 1
167 12 46 26 1
157 6 46 27 1
167 12 48 26 1
157 6 48 27 1
167 12 50 26 1
157 6 50 27 1
167 12 52 26 1
157 6 52 27 1
167 12 54 26 1
157 6 54 27 1
167 12 56 26 1
157 6 56 27 1
167 12 58 26 1
157 6 58 27 1
167 12 60 26 1
157 6 60 27 1
232 10 80 26 1
157 6 80 27 1
232 10 82 26 1
157 6 82 27 1
232 10 84 26 1
157 6 84 27 1
232 10 86 26 1
157 6 86 27 1
232 10 88 26 1
157 6 88 27 1
232 10 90 26 1
157 6 90 27 1
232 10 92 26 1
157 6 92 27 1
232 10 94 26 1
157 6 94 27 1
232 10 96 26 1
157 6 96 27 1
232 10 98 26 1
157 6 98 27 1
145 12 67 2 1
157 6 67 1 1
145 12 69 2 1
157 6 69 1 1
145 12 71 2 1
157 6 71 1 1
145 12 73 2 1
157 6 73 1 1
145 12 75 2 1
157 6 75 1 1
145 12 77 2 1
157 6 77 1 1
145 12 79 2 1
157 6 79 1 1
145 12 81 2 1
157 6 81 1 1
145 12 83 2 1
157 6 83 1 1
145 12 85 2 1
157 6 85 1 1
145 12 87 2 1
157 6 87 1 1
145 12 89 2 1
157 6 89 1 1
145 12 91 2 1
157 6 91 1 1
145 12 93 2 1
157 6 93 1 1
145 12 95 2 1
157 6 95 1 1
145 12 97 2 1
157 6 97 1 1
95 15 1 25 0
95 15 1 8 0
227 7 1 15 0
95 15 1 4 0
95 15 2 25 0
95 15 2 8 0
227 7 2 15 0
95 15 2 4 0
95 15 3 25 0
95 15 3 8 0
227 7 3 15 0
95 15 3 4 0
95 15 4 25 0
95 15 4 8 0
227 7 4 15 0
95 15 4 4 0
95 15 5 25 0
95 15 5 8 0
227 7 5 15 0
95 15 5 4 0
95 15 6 25 0
95 15 6 8 0
227 7 6 15 0
95 15 6 4 0
95 15 7 25 0
95 15 7 8 0
227 7 7 15 0
95 15 7 4 0
95 15 8 25 0
95 15 8 8 0
227 7 8 15 0
95 15 8 4 0
95 15 9 25 0
95 15 9 8 0
227 7 9 15 0
95 15 9 4 0
95 15 10 25 0
95 15 10 8 0
227 7 10 15 0
95 15 10 4 0
95 15 11 25 0
95 15 11 8 0
227 7 11 15 0
95 15 11 4 0
95 15 12 25 0
95 15 12 8 0
227 7 12 15 0
95 15 12 4 0
95 15 13 25 0
95 15 13 8 0
227 7 13 15 0
95 15 13 4 0
95 15 14 25 0
95 15 14 8 0
227 7 14 15 0
95 15 14 4 0
95 15 15 25 0
95 15 15 8 0
227 7 15 15 0
95 15 15 4 0
95 15 16 25 0
95 15 16 8 0
227 7 16 15 0
95 15 16 4 0
95 15 17 25 0
95 15 17 8 0
227 7 17 15 0
95 15 17 4 0
95 15 18 25 0
95 15 18 8 0
227 7 18 15 0
95 15 18 4 0
95 15 19 25 0
95 15 19 8 0
227 7 19 15 0
95 15 19 4 0
95 15 20 25 0
95 15 20 8 0
227 7 20 15 0
95 15 20 4 0
95 15 21 25 0
95 15 21 8 0
227 7 21 15 0
95 15 21 4 0
95 15 22 25 0
95 15 22 8 0
227 7 22 15 0
95 15 22 4 0
95 15 23 25 0
95 15 23 8 0
227 7 23 15 0
95 15 23 4 0
95 15 24 25 0
95 15 24 8 0
227 7 24 15 0
95 15 24 4 0
95 15 25 25 0
95 15 25 8 0
227 7 25 15 0
95 15 25 4 0
95 15 26 25 0
95 15 26 8 0
227 7 26 15 0
95 15 26 4 0
95 15 27 25 0
95 15 27 8 0
227 7 27 15 0
95 15 27 4 0
95 15 28 25 0
95 15 28 8 0
227 7 28 15 0
95 15 28 4 0
95 15 29 25 0
95 15 29 8 0
227 7 29 15 0
95 15 29 4 0
95 15 30 25 0
95 15 30 8 0
227 7 30 15 0
95 15 30 4 0
95 15 31 25 0
95 15 31 8 0
227 7 31 15 0
95 15 31 4 0
95 15 32 25 0
95 15 32 8 0
227 7 32 15 0
95 15 32 4 0
95 15 33 25 0
95 15 33 8 0
227 7 33 15 0
95 15 33 4 0
95 15 34 25 0
95 15 34 8 0
227 7 34 15 0
95 15 34 4 0
95 15 35 25 0
95 15 35 8 0
227 7 35 15 0
95 15 35 4 0
95 15 36 25 0
95 15 36 8 0
227 7 36 15 0
95 15 36 4 0
95 15 37 25 0
95 15 37 8 0
227 7 37 15 0
95 15 37 4 0
95 15 38 25 0
95 15 38 8 0
227 7 38 15 0
95 15 38 4 0
95 15 39 25 0
95 15 39 8 0
227 7 39 15 0
95 15 39 4 0
95 15 40 25 0
95 15 40 8 0
227 7 40 15 0
95 15 40 4 0
95 15 41 25 0
95 15 41 8 0
227 7 41 15 0
95 15 41 4 0
95 15 42 25 0
95 15 42 8 0
227 7 42 15 0
95 15 42 4 0
95 15 43 25 0
95 15 43 8 0
227 7 43 15 0
95 15 43 4 0
95 15 44 25 0
95 15 44 8 0
227 7 44 15 0
95 15 44 4 0
95 15 45 25 0
95 15 45 8 0
227 7 45 15 0
95 15 45 4 0
95 15 46 25 0
95 15 46 8 0
227 7 46 15 0
95 15 46 4 0
95 15 47 25 0
95 15 47 8 0
227 7 47 15 0
95 15 47 4 0
95 15 48 25 0
95 15 48 8 0
227 7 48 15 0
95 15 48 4 0
95 15 49 25 0
95 15 49 8 0
227 7 49 15 0
95 15 49 4 0
95 15 50 25 0
95 15 50 8 0
227 7 50 15 0
95 15 50 4 0
95 15 51 25 0
95 15 51 8 0
227 7 51 15 0
95 15 51 4 0
95 15 52 25 0
95 15 52 8 0
227 7 52 15 0
95 15 52 4 0
95 15 53 25 0
95 15 53 8 0
227 7 53 15 0
95 15 53 4 0
95 15 54 25 0
95 15 54 8 0
227 7 54 15 0
95 15 54 4 0
95 15 55 25 0
95 15 55 8 0
227 7 55 15 0
95 15 55 4 0
95 15 56 25 0
95 15 56 8 0
227 7 56 15 0
95 15 56 4 0
95 15 57 25 0
95 15 57 8 0
227 7 57 15 0
95 15 57 4 0
95 15 58 25 0
95 15 58 8 0
227 7 58 15 0
95 15 58 4 0
95 15 59 25 0
95 15 59 8 0
227 7 59 15 0
95 15 59 4 0
95 15 60 25 0
95 15 60 8 0
227 7 60 15 0
95 15 60 4 0
95 15 61 25 0
95 15 61 8 0
227 7 61 15 0
95 15 61 4 0
95 15 62 25 0
95 15 62 8 0
227 7 62 15 0
95 15 62 4 0
95 15 63 25 0
95 15 63 8 0
227 7 63 15 0
95 15 63 4 0
95 15 64 25 0
95 15 64 8 0
227 7 64 15 0
95 15 64 4 0
95 15 65 25 0
95 15 65 8 0
227 7 65 15 0
95 15 65 4 0
95 15 66 25 0
95 15 66 8 0
227 7 66 15 0
95 15 66 4 0
95 15 67 25 0
95 15 67 8 0
227 7 67 15 0
95 15 67 4 0
95 15 68 25 0
95 15 68 8 0
227 7 68 15 0
95 15 68 4 0
95 15 69 25 0
95 15 69 8 0
227 7 69 15 0
95 15 69 4 0
95 15 70 25 0
95 15 70 8 0
227 7 70 15 0
95 15 70 4 0
95 15 71 25 0
95 15 71 8 0
227 7 71 15 0
95 15 71 4 0
95 15 72 25 0
95 15 72 8 0
227 7 72 15 0
95 15 72 4 0
95 15 73 25 0
95 15 73 8 0
227 7 73 15 0
95 15 73 4 0
95 15 74 25 0
95 15 74 8 0
227 7 74 15 0
95 15 74 4 0
95 15 75 25 0
95 15 75 8 0
227 7 75 15 0
95 15 75 4 0
95 15 76 25 0
95 15 76 8 0
227 7 76 15 0
95 15 76 4 0
95 15 77 25 0
95 15 77 8 0
227 7 77 15 0
95 15 77 4 0
95 15 78 25 0
95 15 78 8 0
227 7 78 15 0
95 15 78 4 0
95 15 79 25 0
95 15 79 8 0
227 7 79 15 0
95 15 79 4 0
95 15 80 25 0
95 15 80 8 0
227 7 80 15 0
95 15 80 4 0
95 15 81 25 0
95 15 81 8 0
227 7 81 15 0
95 15 81 4 0
95 15 82 25 0
95 15 82 8 0
227 7 82 15 0
95 15 82 4 0
95 15 83 25 0
95 15 83 8 0
227 7 83 15 0
95 15 83 4 0
95 15 84 25 0
95 15 84 8 0
227 7 84 15 0
95 15 84 4 0
95 15 85 25 0
95 15 85 8 0
227 7 85 15 0
95 15 85 4 0
95 15 86 25 0
95 15 86 8 0
227 7 86 15 0
95 15 86 4 0
95 15 87 25 0
95 15 87 8 0
227 7 87 15 0
95 15 87 4 0
95 15 88 25 0
95 15 88 8 0
227 7 88 15 0
95 15 88 4 0
95 15 89 25 0
95 15 89 8 0
227 7 89 15 0
95 15 89 4 0
95 15 90 25 0
95 15 90 8 0
227 7 90 15 0
95 15 90 4 0
95 15 91 25 0
95 15 91 8 0
227 7 91 15 0
95 15 91 4 0
95 15 92 25 0
95 15 92 8 0
227 7 92 15 0
95 15 92 4 0
95 15 93 25 0
95 15 93 8 0
227 7 93 15 0
95 15 93 4 0
95 15 94 25 0
95 15 94 8 0
227 7 94 15 0
95 15 94 4 0
95 15 95 25 0
95 15 95 8 0
227 7 95 15 0
95 15 95 4 0
95 15 96 25 0
95 15 96 8 0
227 7 96 15 0
95 15 96 4 0
95 15 97 25 0
95 15 97 8 0
227 7 97 15 0
95 15 97 4 0
95 15 98 25 0
95 15 98 8 0
227 7 98 15 0
95 15 98 4 0
254 15 20 24 0
254 15 20 22 0
254 15 20 20 0
254 15 20 18 0
254 15 20 16 0
254 15 20 13 0
254 15 20 11 0
254 15 20 9 0
254 15 21 24 0
254 15 21 22 0
254 15 21 20 0
254 15 21 18 0
254 15 21 16 0
254 15 21 13 0
254 15 21 11 0
254 15 21 9 0
254 15 22 24 0
254 15 22 22 0
254 15 22 20 0
254 15 22 18 0
254 15 22 16 0
254 15 22 13 0
254 15 22 11 0
254 15 22 9 0
254 15 23 24 0
254 15 23 22 0
254 15 23 20 0
254 15 23 18 0
254 15 23 16 0
254 15 23 13 0
254 15 23 11 0
254 15 23 9 0
254 15 24 24 0
254 15 24 22 0
254 15 24 20 0
254 15 24 18 0
254 15 24 16 0
254 15 24 13 0
254 15 24 11 0
254 15 24 9 0
254 15 25 24 0
254 15 25 22 0
254 15 25 20 0
254 15 25 18 0
254 15 25 16 0
254 15 25 13 0
254 15 25 11 0
254 15 25 9 0
254 15 26 24 0
254 15 26 22 0
254 15 26 20 0
254 15 26 18 0
254 15 26 16 0
254 15 26 13 0
254 15 26 11 0
254 15 26 9 0
254 15 27 24 0
254 15 27 22 0
254 15 27 20 0
254 15 27 18 0
254 15 27 16 0
254 15 27 13 0
254 15 27 11 0
254 15 27 9 0
254 15 28 24 0
254 15 28 22 0
254 15 28 20 0
254 15 28 18 0
254 15 28 16 0
254 15 28 13 0
254 15 28 11 0
254 15 28 9 0
254 15 29 24 0
254 15 29 22 0
254 15 29 20 0
254 15 29 18 0
254 15 29 16 0
254 15 29 13 0
254 15 29 11 0
254 15 29 9 0
254 15 30 24 0
254 15 30 22 0
254 15 30 20 0
254 15 30 18 0
254 15 30 16 0
254 15 30 13 0
254 15 30 11 0
254 15 30 9 0
254 15 70 24 0
254 15 70 22 0
254 15 70 20 0
254 15 70 18 0
254 15 70 16 0
254 15 70 13 0
254 15 70 11 0
254 15 70 9 0
254 15 71 24 0
254 15 71 22 0
254 15 71 20 0
254 15 71 18 0
254 15 71 16 0
254 15 71 13 0
254 15 71 11 0
254 15 71 9 0
254 15 72 24 0
254 15 72 22 0
254 15 72 20 0
254 15 72 18 0
254 15 72 16 0
254 15 72 13 0
254 15 72 11 0
254 15 72 9 0
254 15 73 24 0
254 15 73 22 0
254 15 73 20 0
254 15 73 18 0
254 15 73 16 0
254 15 73 13 0
254 15 73 11 0
254 15 73 9 0
254 15 74 24 0
254 15 74 22 0
254 15 74 20 0
254 15 74 18 0
254 15 74 16 0
254 15 74 13 0
254 15 74 11 0
254 15 74 9 0
254 15 75 24 0
254 15 75 22 0
254 15 75 20 0
254 15 75 18 0
254 15 75 16 0
254 15 75 13 0
254 15 75 11 0
254 15 75 9 0
254 15 76 24 0
254 15 76 22 0
254 15 76 20 0
254 15 76 18 0
254 15 76 16 0
254 15 76 13 0
254 15 76 11 0
254 15 76 9 0
254 15 77 24 0
254 15 77 22 0
254 15 77 20 0
254 15 77 18 0
254 15 77 16 0
254 15 77 13 0
254 15 77 11 0
254 15 77 9 0
254 15 78 24 0
254 15 78 22 0
254 15 78 20 0
254 15 78 18 0
254 15 78 16 0
254 15 78 13 0
254 15 78 11 0
254 15 78 9 0
254 15 79 24 0
254 15 79 22 0
254 15 79 20 0
254 15 79 18 0
254 15 79 16 0
254 15 79 13 0
254 15 79 11 0
254 15 79 9 0
254 15 80 24 0
254 15 80 22 0
254 15 80 20 0
254 15 80 18 0
254 15 80 16 0
254 15 80 13 0
254 15 80 11 0
254 15 80 9 0
225 2 40 3 1
225 2 41 3 1
225 2 42 3 1
225 2 43 3 1
225 2 44 3 1
225 2 45 3 1
225 2 46 3 1
225 2 47 3 1
225 2 48 3 1
225 2 49 3 1
225 2 50 3 1
225 2 51 3 1
225 2 52 3 1
225 2 53 3 1
225 2 54 3 1
225 2 55 3 1
225 2 56 3 1
225 2 57 3 1
225 2 58 3 1
225 2 59 3 1
225 2 60 3 1
247 9 1 7 1
247 9 1 6 1
247 9 1 5 1
247 9 5 7 1
247 9 5 6 1
247 9 5 5 1
247 9 9 7 1
247 9 9 6 1
247 9 9 5 1
247 9 13 7 1
247 9 13 6 1
247 9 13 5 1
247 9 17 7 1
247 9 17 6 1
247 9 17 5 1
247 9 21 7 1
247 9 21 6 1
247 9 21 5 1
247 9 25 7 1
247 9 25 6 1
247 9 25 5 1
247 9 29 7 1
247 9 29 6 1
247 9 29 5 1
247 9 33 7 1
247 9 33 6 1
247 9 33 5 1
247 9 37 7 1
247 9 37 6 1
247 9 37 5 1
247 9 41 7 1
247 9 41 6 1
247 9 41 5 1
247 9 45 7 1
247 9 45 6 1
247 9 45 5 1
247 9 49 7 1
247 9 49 6 1
247 9 49 5 1
247 9 53 7 1
247 9 53 6 1
247 9 53 5 1
247 9 57 7 1
247 9 57 6 1
247 9 57 5 1
247 9 61 7 1
247 9 61 6 1
247 9 61 5 1
247 9 65 7 1
247 9 65 6 1
247 9 65 5 1
247 9 69 7 1
247 9 69 6 1
247 9 69 5 1
247 9 73 7 1
247 9 73 6 1
247 9 73 5 1
247 9 77 7 1
247 9 77 6 1
247 9 77 5 1
247 9 81 7 1
247 9 81 6 1
247 9 81 5 1
247 9 85 7 1
247 9 85 6 1
247 9 85 5 1
247 9 89 7 1
247 9 89 6 1
247 9 89 5 1
247 9 93 7 1
247 9 93 6 1
247 9 93 5 1
247 9 97 7 1
247 9 97 6 1
247 9 97 5 1
95 14 35 2 0
95 14 36 2 0
95 14 37 2 0
95 14 38 2 0
95 14 39 2 0
95 14 40 2 0
95 14 41 2 0
95 14 42 2 0
95 14 43 2 0
95 14 44 2 0
95 14 45 2 0
95 14 46 2 0
95 14 47 2 0
95 14 48 2 0
95 14 49 2 0
95 14 50 2 0
95 14 51 2 0
95 14 52 2 0
95 14 53 2 0
95 14 54 2 0
95 14 55 2 0
95 14 56 2 0
95 14 57 2 0
95 14 58 2 0
95 14 59 2 0
95 14 60 2 0
95 14 61 2 0
95 14 62 2 0
95 14 63 2 0
95 14 64 2 0
95 14 65 2 0
71 14 48 1 0
79 14 49 1 0
65 14 50 1 0
76 14 51 1 0
