186 13 0 0 1
186 13 99 0 1
186 13 0 1 1
186 13 99 1 1
186 13 0 2 1
186 13 99 2 1
186 13 0 3 1
186 13 99 3 1
186 13 0 4 1
186 13 99 4 1
186 13 0 5 1
186 13 99 5 1
186 13 0 6 1
186 13 99 6 1
186 13 0 7 1
186 13 99 7 1
186 13 0 8 1
186 13 99 8 1
186 13 0 9 1
186 13 99 9 1
186 13 0 10 1
186 13 99 10 1
186 13 0 11 1
186 13 99 11 1
186 13 0 12 1
186 13 99 12 1
186 13 0 13 1
186 13 99 13 1
186 13 0 14 1
186 13 99 14 1
186 13 0 15 1
186 13 99 15 1
186 13 0 16 1
186 13 99 16 1
186 13 0 17 1
186 13 99 17 1
186 13 0 18 1
186 13 99 18 1
186 13 0 19 1
186 13 99 19 1
186 13 0 20 1
186 13 99 20 1
186 13 0 21 1
186 13 99 21 1
186 13 0 22 1
186 13 99 22 1
186 13 0 23 1
186 13 99 23 1
186 13 0 24 1
186 13 99 24 1
186 13 0 25 1
186 13 99 25 1
186 13 0 26 1
186 13 99 26 1
186 13 0 27 1
186 13 99 27 1
186 13 0 28 1
186 13 99 28 1
186 13 0 29 1
186 13 99 29 1
205 13 0 0 1
205 13 0 29 1
205 13 1 0 1
205 13 1 29 1
205 13 2 0 1
205 13 2 29 1
205 13 3 0 1
205 13 3 29 1
205 13 4 0 1
205 13 4 29 1
205 13 5 0 1
205 13 5 29 1
205 13 6 0 1
205 13 6 29 1
205 13 7 0 1
205 13 7 29 1
205 13 8 0 1
205 13 8 29 1
205 13 9 0 1
205 13 9 29 1
205 13 10 0 1
205 13 10 29 1
205 13 11 0 1
205 13 11 29 1
205 13 12 0 1
205 13 12 29 1
205 13 13 0 1
205 13 13 29 1
205 13 14 0 1
205 13 14 29 1
205 13 15 0 1
205 13 15 29 1
205 13 16 0 1
205 13 16 29 1
205 13 17 0 1
205 13 17 29 1
205 13 18 0 1
205 13 18 29 1
205 13 19 0 1
205 13 19 29 1
205 13 20 0 1
205 13 20 29 1
205 13 21 0 1
205 13 21 29 1
205 13 22 0 1
205 13 22 29 1
205 13 23 0 1
205 13 23 29 1
205 13 24 0 1
205 13 24 29 1
205 13 25 0 1
205 13 25 29 1
205 13 26 0 1
205 13 26 29 1
205 13 27 0 1
205 13 27 29 1
205 13 28 0 1
205 13 28 29 1
205 13 29 0 1
205 13 29 29 1
205 13 30 0 1
205 13 30 29 1
205 13 31 0 1
205 13 31 29 1
205 13 32 0 1
205 13 32 29 1
205 13 33 0 1
205 13 33 29 1
205 13 34 0 1
205 13 34 29 1
205 13 35 0 1
205 13 35 29 1
205 13 36 0 1
205 13 36 29 1
205 13 37 0 1
205 13 37 29 1
205 13 38 0 1
205 13 38 29 1
205 13 39 0 1
205 13 39 29 1
205 13 40 0 1
205 13 40 29 1
205 13 41 0 1
205 13 41 29 1
205 13 42 0 1
205 13 42 29 1
205 13 43 0 1
205 13 43 29 1
205 13 44 0 1
205 13 44 29 1
205 13 45 0 1
205 13 45 29 1
205 13 46 0 1
205 13 46 29 1
205 13 47 0 1
205 13 47 29 1
205 13 48 0 1
205 13 48 29 1
205 13 49 0 1
205 13 49 29 1
205 13 50 0 1
205 13 50 29 1
205 13 51 0 1
205 13 51 29 1
205 13 52 0 1
205 13 52 29 1
205 13 53 0 1
205 13 53 29 1
205 13 54 0 1
205 13 54 29 1
205 13 55 0 1
205 13 55 29 1
205 13 56 0 1
205 13 56 29 1
205 13 57 0 1
205 13 57 29 1
205 13 58 0 1
205 13 58 29 1
205 13 59 0 1
205 13 59 29 1
205 13 60 0 1
205 13 60 29 1
205 13 61 0 1
205 13 61 29 1
205 13 62 0 1
205 13 62 29 1
205 13 63 0 1
205 13 63 29 1
205 13 64 0 1
205 13 64 29 1
205 13 65 0 1
205 13 65 29 1
205 13 66 0 1
205 13 66 29 1
205 13 67 0 1
205 13 67 29 1
205 13 68 0 1
205 13 68 29 1
205 13 69 0 1
205 13 69 29 1
205 13 70 0 1
205 13 70 29 1
205 13 71 0 1
205 13 71 29 1
205 13 72 0 1
205 13 72 29 1
205 13 73 0 1
205 13 73 29 1
205 13 74 0 1
205 13 74 29 1
205 13 75 0 1
205 13 75 29 1
205 13 76 0 1
205 13 76 29 1
205 13 77 0 1
205 13 77 29 1
205 13 78 0 1
205 13 78 29 1
205 13 79 0 1
205 13 79 29 1
205 13 80 0 1
205 13 80 29 1
205 13 81 0 1
205 13 81 29 1
205 13 82 0 1
205 13 82 29 1
205 13 83 0 1
205 13 83 29 1
205 13 84 0 1
205 13 84 29 1
205 13 85 0 1
205 13 85 29 1
205 13 86 0 1
205 13 86 29 1
205 13 87 0 1
205 13 87 29 1
205 13 88 0 1
205 13 88 29 1
205 13 89 0 1
205 13 89 29 1
205 13 90 0 1
205 13 90 29 1
205 13 91 0 1
205 13 91 29 1
205 13 92 0 1
205 13 92 29 1
205 13 93 0 1
205 13 93 29 1
205 13 94 0 1
205 13 94 29 1
205 13 95 0 1
205 13 95 29 1
205 13 96 0 1
205 13 96 29 1
205 13 97 0 1
205 13 97 29 1
205 13 98 0 1
205 13 98 29 1
205 13 99 0 1
205 13 99 29 1
201 13 0 0 1
200 13 0 29 1
187 13 99 0 1
188 13 99 29 1
234 10 1 26 1
157 6 1 27 1
234 10 3 26 1
157 6 3 27 1
234 10 5 26 1
157 6 5 27 1
234 10 7 26 1
157 6 7 27 1
234 10 9 26 1
157 6 9 27 1
234 10 11 26 1
157 6 11 27 1
234 10 13 26 1
157 6 13 27 1
234 10 15 26 1
157 6 15 27 1
234 10 17 26 1
157 6 17 27 1
234 10 19 26 1
157 6 19 27 1
167 12 40 26 1
157 6 40 27 1
167 12 42 26 1
157 6 42 27 1
167 12 44 26 1
157 6 44 27 1
167 12 46 26 1
157 6 46 27 1
167 12 48 26 1
157 6 48 27 1
167 12 50 26 1
157 6 50 27 1
167 12 52 26 1
157 6 52 27 1
167 12 54 26 1
157 6 54 27 1
167 12 56 26 1
157 6 56 27 1
167 12 58 26 1
157 6 58 27 1
167 12 60 26 1
157 6 60 27 1
234 10 80 26 1
157 6 80 27 1
234 10 82 26 1
157 6 82 27 1
234 10 84 26 1
157 6 84 27 1
234 10 86 26 1
157 6 86 27 1
234 10 88 26 1
157 6 88 27 1
234 10 90 26 1
157 6 90 27 1
234 10 92 26 1
157 6 92 27 1
234 10 94 26 1
157 6 94 27 1
234 10 96 26 1
157 6 96 27 1
234 10 98 26 1
157 6 98 27 1
232 10 10 2 1
157 6 10 1 1
232 10 12 2 1
157 6 12 1 1
232 10 14 2 1
157 6 14 1 1
232 10 16 2 1
157 6 16 1 1
232 10 18 2 1
157 6 18 1 1
232 10 20 2 1
157 6 20 1 1
232 10 22 2 1
157 6 22 1 1
232 10 24 2 1
157 6 24 1 1
232 10 26 2 1
157 6 26 1 1
232 10 28 2 1
157 6 28 1 1
232 10 30 2 1
157 6 30 1 1
232 10 70 2 1
157 6 70 1 1
232 10 72 2 1
157 6 72 1 1
232 10 74 2 1
157 6 74 1 1
232 10 76 2 1
157 6 76 1 1
232 10 78 2 1
157 6 78 1 1
232 10 80 2 1
157 6 80 1 1
232 10 82 2 1
157 6 82 1 1
232 10 84 2 1
157 6 84 1 1
232 10 86 2 1
157 6 86 1 1
232 10 88 2 1
157 6 88 1 1
232 10 90 2 1
157 6 90 1 1
95 15 1 21 0
95 15 1 11 0
227 7 1 7 0
95 15 2 21 0
95 15 2 11 0
227 7 2 7 0
95 15 3 21 0
95 15 3 11 0
227 7 3 7 0
95 15 4 21 0
95 15 4 11 0
227 7 4 7 0
95 15 5 21 0
95 15 5 11 0
227 7 5 7 0
95 15 6 21 0
95 15 6 11 0
227 7 6 7 0
95 15 7 21 0
95 15 7 11 0
227 7 7 7 0
95 15 8 21 0
95 15 8 11 0
227 7 8 7 0
95 15 9 21 0
95 15 9 11 0
227 7 9 7 0
95 15 10 21 0
95 15 10 11 0
227 7 10 7 0
95 15 11 21 0
95 15 11 11 0
227 7 11 7 0
95 15 12 21 0
95 15 12 11 0
227 7 12 7 0
95 15 13 21 0
95 15 13 11 0
227 7 13 7 0
95 15 14 21 0
95 15 14 11 0
227 7 14 7 0
95 15 15 21 0
95 15 15 11 0
227 7 15 7 0
95 15 16 21 0
95 15 16 11 0
227 7 16 7 0
95 15 17 21 0
95 15 17 11 0
227 7 17 7 0
95 15 18 21 0
95 15 18 11 0
227 7 18 7 0
95 15 19 21 0
95 15 19 11 0
227 7 19 7 0
95 15 20 21 0
95 15 20 11 0
227 7 20 7 0
95 15 21 21 0
95 15 21 11 0
227 7 21 7 0
95 15 22 21 0
95 15 22 11 0
227 7 22 7 0
95 15 23 21 0
95 15 23 11 0
227 7 23 7 0
95 15 24 21 0
95 15 24 11 0
227 7 24 7 0
95 15 25 21 0
95 15 25 11 0
227 7 25 7 0
95 15 26 21 0
95 15 26 11 0
227 7 26 7 0
95 15 27 21 0
95 15 27 11 0
227 7 27 7 0
95 15 28 21 0
95 15 28 11 0
227 7 28 7 0
95 15 29 21 0
95 15 29 11 0
227 7 29 7 0
95 15 30 21 0
95 15 30 11 0
227 7 30 7 0
95 15 31 21 0
95 15 31 11 0
227 7 31 7 0
95 15 32 21 0
95 15 32 11 0
227 7 32 7 0
95 15 33 21 0
95 15 33 11 0
227 7 33 7 0
95 15 34 21 0
95 15 34 11 0
227 7 34 7 0
95 15 35 21 0
95 15 35 11 0
227 7 35 7 0
95 15 36 21 0
95 15 36 11 0
227 7 36 7 0
95 15 37 21 0
95 15 37 11 0
227 7 37 7 0
95 15 38 21 0
95 15 38 11 0
227 7 38 7 0
95 15 39 21 0
95 15 39 11 0
227 7 39 7 0
95 15 40 21 0
95 15 40 11 0
227 7 40 7 0
95 15 41 21 0
95 15 41 11 0
227 7 41 7 0
95 15 42 21 0
95 15 42 11 0
227 7 42 7 0
95 15 43 21 0
95 15 43 11 0
227 7 43 7 0
95 15 44 21 0
95 15 44 11 0
227 7 44 7 0
95 15 45 21 0
95 15 45 11 0
227 7 45 7 0
95 15 46 21 0
95 15 46 11 0
227 7 46 7 0
95 15 47 21 0
95 15 47 11 0
227 7 47 7 0
95 15 48 21 0
95 15 48 11 0
227 7 48 7 0
95 15 49 21 0
95 15 49 11 0
227 7 49 7 0
95 15 50 21 0
95 15 50 11 0
227 7 50 7 0
95 15 51 21 0
95 15 51 11 0
227 7 51 7 0
95 15 52 21 0
95 15 52 11 0
227 7 52 7 0
95 15 53 21 0
95 15 53 11 0
227 7 53 7 0
95 15 54 21 0
95 15 54 11 0
227 7 54 7 0
95 15 55 21 0
95 15 55 11 0
227 7 55 7 0
95 15 56 21 0
95 15 56 11 0
227 7 56 7 0
95 15 57 21 0
95 15 57 11 0
227 7 57 7 0
95 15 58 21 0
95 15 58 11 0
227 7 58 7 0
95 15 59 21 0
95 15 59 11 0
227 7 59 7 0
95 15 60 21 0
95 15 60 11 0
227 7 60 7 0
95 15 61 21 0
95 15 61 11 0
227 7 61 7 0
95 15 62 21 0
95 15 62 11 0
227 7 62 7 0
95 15 63 21 0
95 15 63 11 0
227 7 63 7 0
95 15 64 21 0
95 15 64 11 0
227 7 64 7 0
95 15 65 21 0
95 15 65 11 0
227 7 65 7 0
95 15 66 21 0
95 15 66 11 0
227 7 66 7 0
95 15 67 21 0
95 15 67 11 0
227 7 67 7 0
95 15 68 21 0
95 15 68 11 0
227 7 68 7 0
95 15 69 21 0
95 15 69 11 0
227 7 69 7 0
95 15 70 21 0
95 15 70 11 0
227 7 70 7 0
95 15 71 21 0
95 15 71 11 0
227 7 71 7 0
95 15 72 21 0
95 15 72 11 0
227 7 72 7 0
95 15 73 21 0
95 15 73 11 0
227 7 73 7 0
95 15 74 21 0
95 15 74 11 0
227 7 74 7 0
95 15 75 21 0
95 15 75 11 0
227 7 75 7 0
95 15 76 21 0
95 15 76 11 0
227 7 76 7 0
95 15 77 21 0
95 15 77 11 0
227 7 77 7 0
95 15 78 21 0
95 15 78 11 0
227 7 78 7 0
95 15 79 21 0
95 15 79 11 0
227 7 79 7 0
95 15 80 21 0
95 15 80 11 0
227 7 80 7 0
95 15 81 21 0
95 15 81 11 0
227 7 81 7 0
95 15 82 21 0
95 15 82 11 0
227 7 82 7 0
95 15 83 21 0
95 15 83 11 0
227 7 83 7 0
95 15 84 21 0
95 15 84 11 0
227 7 84 7 0
95 15 85 21 0
95 15 85 11 0
227 7 85 7 0
95 15 86 21 0
95 15 86 11 0
227 7 86 7 0
95 15 87 21 0
95 15 87 11 0
227 7 87 7 0
95 15 88 21 0
95 15 88 11 0
227 7 88 7 0
95 15 89 21 0
95 15 89 11 0
227 7 89 7 0
95 15 90 21 0
95 15 90 11 0
227 7 90 7 0
95 15 91 21 0
95 15 91 11 0
227 7 91 7 0
95 15 92 21 0
95 15 92 11 0
227 7 92 7 0
95 15 93 21 0
95 15 93 11 0
227 7 93 7 0
95 15 94 21 0
95 15 94 11 0
227 7 94 7 0
95 15 95 21 0
95 15 95 11 0
227 7 95 7 0
95 15 96 21 0
95 15 96 11 0
227 7 96 7 0
95 15 97 21 0
95 15 97 11 0
227 7 97 7 0
95 15 98 21 0
95 15 98 11 0
227 7 98 7 0
254 15 25 19 0
254 15 25 16 0
254 15 25 13 0
254 15 26 19 0
254 15 26 16 0
254 15 26 13 0
254 15 27 19 0
254 15 27 16 0
254 15 27 13 0
254 15 28 19 0
254 15 28 16 0
254 15 28 13 0
254 15 29 19 0
254 15 29 16 0
254 15 29 13 0
254 15 30 19 0
254 15 30 16 0
254 15 30 13 0
254 15 31 19 0
254 15 31 16 0
254 15 31 13 0
254 15 32 19 0
254 15 32 16 0
254 15 32 13 0
254 15 33 19 0
254 15 33 16 0
254 15 33 13 0
254 15 34 19 0
254 15 34 16 0
254 15 34 13 0
254 15 35 19 0
254 15 35 16 0
254 15 35 13 0
254 15 65 19 0
254 15 65 16 0
254 15 65 13 0
254 15 66 19 0
254 15 66 16 0
254 15 66 13 0
254 15 67 19 0
254 15 67 16 0
254 15 67 13 0
254 15 68 19 0
254 15 68 16 0
254 15 68 13 0
254 15 69 19 0
254 15 69 16 0
254 15 69 13 0
254 15 70 19 0
254 15 70 16 0
254 15 70 13 0
254 15 71 19 0
254 15 71 16 0
254 15 71 13 0
254 15 72 19 0
254 15 72 16 0
254 15 72 13 0
254 15 73 19 0
254 15 73 16 0
254 15 73 13 0
254 15 74 19 0
254 15 74 16 0
254 15 74 13 0
254 15 75 19 0
254 15 75 16 0
254 15 75 13 0
240 11 20 24 1
240 11 21 24 1
240 11 22 24 1
240 11 23 24 1
240 11 24 24 1
240 11 25 24 1
240 11 26 24 1
240 11 27 24 1
240 11 28 24 1
240 11 29 24 1
240 11 30 24 1
240 11 31 24 1
240 11 32 24 1
240 11 33 24 1
240 11 34 24 1
240 11 35 24 1
240 11 36 24 1
240 11 37 24 1
240 11 38 24 1
240 11 39 24 1
240 11 40 24 1
240 11 60 24 1
240 11 61 24 1
240 11 62 24 1
240 11 63 24 1
240 11 64 24 1
240 11 65 24 1
240 11 66 24 1
240 11 67 24 1
240 11 68 24 1
240 11 69 24 1
240 11 70 24 1
240 11 71 24 1
240 11 72 24 1
240 11 73 24 1
240 11 74 24 1
240 11 75 24 1
240 11 76 24 1
240 11 77 24 1
240 11 78 24 1
240 11 79 24 1
240 11 80 24 1
148 12 5 23 1
148 12 6 23 1
148 12 7 23 1
148 12 8 23 1
148 12 9 23 1
148 12 10 23 1
148 12 11 23 1
148 12 12 23 1
148 12 13 23 1
148 12 14 23 1
148 12 15 23 1
232 10 45 23 1
232 10 46 23 1
232 10 47 23 1
232 10 48 23 1
232 10 49 23 1
232 10 50 23 1
232 10 51 23 1
232 10 52 23 1
232 10 53 23 1
232 10 54 23 1
232 10 55 23 1
232 10 85 23 1
232 10 86 23 1
232 10 87 23 1
232 10 88 23 1
232 10 89 23 1
232 10 90 23 1
232 10 91 23 1
232 10 92 23 1
232 10 93 23 1
232 10 94 23 1
232 10 95 23 1
225 2 10 10 1
225 2 11 10 1
225 2 12 10 1
225 2 13 10 1
225 2 14 10 1
225 2 15 10 1
225 2 16 10 1
225 2 17 10 1
225 2 18 10 1
225 2 19 10 1
225 2 20 10 1
225 2 21 10 1
225 2 22 10 1
225 2 23 10 1
225 2 24 10 1
225 2 25 10 1
148 12 50 10 1
148 12 51 10 1
148 12 52 10 1
148 12 53 10 1
148 12 54 10 1
148 12 55 10 1
148 12 56 10 1
148 12 57 10 1
148 12 58 10 1
148 12 59 10 1
148 12 60 10 1
148 12 61 10 1
148 12 62 10 1
148 12 63 10 1
148 12 64 10 1
148 12 65 10 1
148 12 90 10 1
148 12 91 10 1
148 12 92 10 1
148 12 93 10 1
148 12 94 10 1
148 12 95 10 1
148 12 96 10 1
148 12 97 10 1
148 12 98 10 1
194 11 1 8 1
194 11 2 8 1
194 11 3 8 1
194 11 4 8 1
194 11 5 8 1
194 11 6 8 1
194 11 7 8 1
194 11 8 8 1
194 11 9 8 1
194 11 10 8 1
194 11 35 8 1
194 11 36 8 1
194 11 37 8 1
194 11 38 8 1
194 11 39 8 1
194 11 40 8 1
194 11 41 8 1
194 11 42 8 1
194 11 43 8 1
194 11 44 8 1
194 11 45 8 1
194 11 75 8 1
194 11 76 8 1
194 11 77 8 1
194 11 78 8 1
194 11 79 8 1
194 11 80 8 1
194 11 81 8 1
194 11 82 8 1
194 11 83 8 1
194 11 84 8 1
194 11 85 8 1
194 11 30 4 1
194 11 31 4 1
194 11 32 4 1
194 11 33 4 1
194 11 34 4 1
194 11 35 4 1
194 11 36 4 1
194 11 37 4 1
194 11 38 4 1
194 11 39 4 1
194 11 40 4 1
194 11 41 4 1
194 11 42 4 1
194 11 43 4 1
194 11 44 4 1
194 11 45 4 1
194 11 46 4 1
194 11 47 4 1
194 11 48 4 1
194 11 49 4 1
194 11 50 4 1
194 11 51 4 1
194 11 52 4 1
194 11 53 4 1
194 11 54 4 1
194 11 55 4 1
194 11 56 4 1
194 11 57 4 1
194 11 58 4 1
194 11 59 4 1
194 11 60 4 1
194 11 61 4 1
194 11 62 4 1
194 11 63 4 1
194 11 64 4 1
194 11 65 4 1
194 11 66 4 1
194 11 67 4 1
194 11 68 4 1
194 11 69 4 1
194 11 70 4 1
95 14 35 2 0
95 14 36 2 0
95 14 37 2 0
95 14 38 2 0
95 14 39 2 0
95 14 40 2 0
95 14 41 2 0
95 14 42 2 0
95 14 43 2 0
95 14 44 2 0
95 14 45 2 0
95 14 46 2 0
95 14 47 2 0
95 14 48 2 0
95 14 49 2 0
95 14 50 2 0
95 14 51 2 0
95 14 52 2 0
95 14 53 2 0
95 14 54 2 0
95 14 55 2 0
95 14 56 2 0
95 14 57 2 0
95 14 58 2 0
95 14 59 2 0
95 14 60 2 0
95 14 61 2 0
95 14 62 2 0
95 14 63 2 0
95 14 64 2 0
95 14 65 2 0
71 14 48 1 0
79 14 49 1 0
65 14 50 1 0
76 14 51 1 0
