186 13 0 0 1
186 13 99 0 1
186 13 0 1 1
186 13 99 1 1
186 13 0 2 1
186 13 99 2 1
186 13 0 3 1
186 13 99 3 1
186 13 0 4 1
186 13 99 4 1
186 13 0 5 1
186 13 99 5 1
186 13 0 6 1
186 13 99 6 1
186 13 0 7 1
186 13 99 7 1
186 13 0 8 1
186 13 99 8 1
186 13 0 9 1
186 13 99 9 1
186 13 0 10 1
186 13 99 10 1
186 13 0 11 1
186 13 99 11 1
186 13 0 12 1
186 13 99 12 1
186 13 0 13 1
186 13 99 13 1
186 13 0 14 1
186 13 99 14 1
186 13 0 15 1
186 13 99 15 1
186 13 0 16 1
186 13 99 16 1
186 13 0 17 1
186 13 99 17 1
186 13 0 18 1
186 13 99 18 1
186 13 0 19 1
186 13 99 19 1
186 13 0 20 1
186 13 99 20 1
186 13 0 21 1
186 13 99 21 1
186 13 0 22 1
186 13 99 22 1
186 13 0 23 1
186 13 99 23 1
186 13 0 24 1
186 13 99 24 1
186 13 0 25 1
186 13 99 25 1
186 13 0 26 1
186 13 99 26 1
186 13 0 27 1
186 13 99 27 1
186 13 0 28 1
186 13 99 28 1
186 13 0 29 1
186 13 99 29 1
205 13 0 0 1
205 13 0 29 1
205 13 1 0 1
205 13 1 29 1
205 13 2 0 1
205 13 2 29 1
205 13 3 0 1
205 13 3 29 1
205 13 4 0 1
205 13 4 29 1
205 13 5 0 1
205 13 5 29 1
205 13 6 0 1
205 13 6 29 1
205 13 7 0 1
205 13 7 29 1
205 13 8 0 1
205 13 8 29 1
205 13 9 0 1
205 13 9 29 1
205 13 10 0 1
205 13 10 29 1
205 13 11 0 1
205 13 11 29 1
205 13 12 0 1
205 13 12 29 1
205 13 13 0 1
205 13 13 29 1
205 13 14 0 1
205 13 14 29 1
205 13 15 0 1
205 13 15 29 1
205 13 16 0 1
205 13 16 29 1
205 13 17 0 1
205 13 17 29 1
205 13 18 0 1
205 13 18 29 1
205 13 19 0 1
205 13 19 29 1
205 13 20 0 1
205 13 20 29 1
205 13 21 0 1
205 13 21 29 1
205 13 22 0 1
205 13 22 29 1
205 13 23 0 1
205 13 23 29 1
205 13 24 0 1
205 13 24 29 1
205 13 25 0 1
205 13 25 29 1
205 13 26 0 1
205 13 26 29 1
205 13 27 0 1
205 13 27 29 1
205 13 28 0 1
205 13 28 29 1
205 13 29 0 1
205 13 29 29 1
205 13 30 0 1
205 13 30 29 1
205 13 31 0 1
205 13 31 29 1
205 13 32 0 1
205 13 32 29 1
205 13 33 0 1
205 13 33 29 1
205 13 34 0 1
205 13 34 29 1
205 13 35 0 1
205 13 35 29 1
205 13 36 0 1
205 13 36 29 1
205 13 37 0 1
205 13 37 29 1
205 13 38 0 1
205 13 38 29 1
205 13 39 0 1
205 13 39 29 1
205 13 40 0 1
205 13 40 29 1
205 13 41 0 1
205 13 41 29 1
205 13 42 0 1
205 13 42 29 1
205 13 43 0 1
205 13 43 29 1
205 13 44 0 1
205 13 44 29 1
205 13 45 0 1
205 13 45 29 1
205 13 46 0 1
205 13 46 29 1
205 13 47 0 1
205 13 47 29 1
205 13 48 0 1
205 13 48 29 1
205 13 49 0 1
205 13 49 29 1
205 13 50 0 1
205 13 50 29 1
205 13 51 0 1
205 13 51 29 1
205 13 52 0 1
205 13 52 29 1
205 13 53 0 1
205 13 53 29 1
205 13 54 0 1
205 13 54 29 1
205 13 55 0 1
205 13 55 29 1
205 13 56 0 1
205 13 56 29 1
205 13 57 0 1
205 13 57 29 1
205 13 58 0 1
205 13 58 29 1
205 13 59 0 1
205 13 59 29 1
205 13 60 0 1
205 13 60 29 1
205 13 61 0 1
205 13 61 29 1
205 13 62 0 1
205 13 62 29 1
205 13 63 0 1
205 13 63 29 1
205 13 64 0 1
205 13 64 29 1
205 13 65 0 1
205 13 65 29 1
205 13 66 0 1
205 13 66 29 1
205 13 67 0 1
205 13 67 29 1
205 13 68 0 1
205 13 68 29 1
205 13 69 0 1
205 13 69 29 1
205 13 70 0 1
205 13 70 29 1
205 13 71 0 1
205 13 71 29 1
205 13 72 0 1
205 13 72 29 1
205 13 73 0 1
205 13 73 29 1
205 13 74 0 1
205 13 74 29 1
205 13 75 0 1
205 13 75 29 1
205 13 76 0 1
205 13 76 29 1
205 13 77 0 1
205 13 77 29 1
205 13 78 0 1
205 13 78 29 1
205 13 79 0 1
205 13 79 29 1
205 13 80 0 1
205 13 80 29 1
205 13 81 0 1
205 13 81 29 1
205 13 82 0 1
205 13 82 29 1
205 13 83 0 1
205 13 83 29 1
205 13 84 0 1
205 13 84 29 1
205 13 85 0 1
205 13 85 29 1
205 13 86 0 1
205 13 86 29 1
205 13 87 0 1
205 13 87 29 1
205 13 88 0 1
205 13 88 29 1
205 13 89 0 1
205 13 89 29 1
205 13 90 0 1
205 13 90 29 1
205 13 91 0 1
205 13 91 29 1
205 13 92 0 1
205 13 92 29 1
205 13 93 0 1
205 13 93 29 1
205 13 94 0 1
205 13 94 29 1
205 13 95 0 1
205 13 95 29 1
205 13 96 0 1
205 13 96 29 1
205 13 97 0 1
205 13 97 29 1
205 13 98 0 1
205 13 98 29 1
205 13 99 0 1
205 13 99 29 1
201 13 0 0 1
200 13 0 29 1
187 13 99 0 1
188 13 99 29 1
232 10 1 26 1
157 6 1 27 1
232 10 3 26 1
157 6 3 27 1
232 10 5 26 1
157 6 5 27 1
232 10 7 26 1
157 6 7 27 1
232 10 9 26 1
157 6 9 27 1
232 10 11 26 1
157 6 11 27 1
232 10 13 26 1
157 6 13 27 1
232 10 15 26 1
157 6 15 27 1
232 10 17 26 1
157 6 17 27 1
232 10 19 26 1
157 6 19 27 1
145 12 1 2 1
157 6 1 1 1
145 12 3 2 1
157 6 3 1 1
145 12 5 2 1
157 6 5 1 1
145 12 7 2 1
157 6 7 1 1
145 12 9 2 1
157 6 9 1 1
145 12 11 2 1
157 6 11 1 1
145 12 13 2 1
157 6 13 1 1
145 12 15 2 1
157 6 15 1 1
145 12 17 2 1
157 6 17 1 1
145 12 19 2 1
157 6 19 1 1
145 12 21 2 1
157 6 21 1 1
145 12 23 2 1
157 6 23 1 1
145 12 25 2 1
157 6 25 1 1
145 12 27 2 1
157 6 27 1 1
145 12 29 2 1
157 6 29 1 1
145 12 31 2 1
157 6 31 1 1
145 12 33 2 1
157 6 33 1 1
167 12 40 26 1
157 6 40 27 1
167 12 42 26 1
157 6 42 27 1
167 12 44 26 1
157 6 44 27 1
167 12 46 26 1
157 6 46 27 1
167 12 48 26 1
157 6 48 27 1
167 12 50 26 1
157 6 50 27 1
167 12 52 26 1
157 6 52 27 1
167 12 54 26 1
157 6 54 27 1
167 12 56 26 1
157 6 56 27 1
167 12 58 26 1
157 6 58 27 1
167 12 60 26 1
157 6 60 27 1
232 10 80 26 1
157 6 80 27 1
232 10 82 26 1
157 6 82 27 1
232 10 84 26 1
157 6 84 27 1
232 10 86 26 1
157 6 86 27 1
232 10 88 26 1
157 6 88 27 1
232 10 90 26 1
157 6 90 27 1
232 10 92 26 1
157 6 92 27 1
232 10 94 26 1
157 6 94 27 1
232 10 96 26 1
157 6 96 27 1
232 10 98 26 1
157 6 98 27 1
145 12 67 2 1
157 6 67 1 1
145 12 69 2 1
157 6 69 1 1
145 12 71 2 1
157 6 71 1 1
145 12 73 2 1
157 6 73 1 1
145 12 75 2 1
157 6 75 1 1
145 12 77 2 1
157 6 77 1 1
145 12 79 2 1
157 6 79 1 1
145 12 81 2 1
157 6 81 1 1
145 12 83 2 1
157 6 83 1 1
145 12 85 2 1
157 6 85 1 1
145 12 87 2 1
157 6 87 1 1
145 12 89 2 1
157 6 89 1 1
145 12 91 2 1
157 6 91 1 1
145 12 93 2 1
157 6 93 1 1
145 12 95 2 1
157 6 95 1 1
145 12 97 2 1
157 6 97 1 1
95 15 1 22 0
95 15 1 7 0
227 7 1 15 0
95 15 1 3 0
95 15 2 22 0
95 15 2 7 0
227 7 2 15 0
95 15 2 3 0
95 15 3 22 0
95 15 3 7 0
227 7 3 15 0
95 15 3 3 0
95 15 4 22 0
95 15 4 7 0
227 7 4 15 0
95 15 4 3 0
95 15 5 22 0
95 15 5 7 0
227 7 5 15 0
95 15 5 3 0
95 15 6 22 0
95 15 6 7 0
227 7 6 15 0
95 15 6 3 0
95 15 7 22 0
95 15 7 7 0
227 7 7 15 0
95 15 7 3 0
95 15 8 22 0
95 15 8 7 0
227 7 8 15 0
95 15 8 3 0
95 15 9 22 0
95 15 9 7 0
227 7 9 15 0
95 15 9 3 0
95 15 10 22 0
95 15 10 7 0
227 7 10 15 0
95 15 10 3 0
95 15 11 22 0
95 15 11 7 0
227 7 11 15 0
95 15 11 3 0
95 15 12 22 0
95 15 12 7 0
227 7 12 15 0
95 15 12 3 0
95 15 13 22 0
95 15 13 7 0
227 7 13 15 0
95 15 13 3 0
95 15 14 22 0
95 15 14 7 0
227 7 14 15 0
95 15 14 3 0
95 15 15 22 0
95 15 15 7 0
227 7 15 15 0
95 15 15 3 0
95 15 16 22 0
95 15 16 7 0
227 7 16 15 0
95 15 16 3 0
95 15 17 22 0
95 15 17 7 0
227 7 17 15 0
95 15 17 3 0
95 15 18 22 0
95 15 18 7 0
227 7 18 15 0
95 15 18 3 0
95 15 19 22 0
95 15 19 7 0
227 7 19 15 0
95 15 19 3 0
95 15 20 22 0
95 15 20 7 0
227 7 20 15 0
95 15 20 3 0
95 15 21 22 0
95 15 21 7 0
227 7 21 15 0
95 15 21 3 0
95 15 22 22 0
95 15 22 7 0
227 7 22 15 0
95 15 22 3 0
95 15 23 22 0
95 15 23 7 0
227 7 23 15 0
95 15 23 3 0
95 15 24 22 0
95 15 24 7 0
227 7 24 15 0
95 15 24 3 0
95 15 25 22 0
95 15 25 7 0
227 7 25 15 0
95 15 25 3 0
95 15 26 22 0
95 15 26 7 0
227 7 26 15 0
95 15 26 3 0
95 15 27 22 0
95 15 27 7 0
227 7 27 15 0
95 15 27 3 0
95 15 28 22 0
95 15 28 7 0
227 7 28 15 0
95 15 28 3 0
95 15 29 22 0
95 15 29 7 0
227 7 29 15 0
95 15 29 3 0
95 15 30 22 0
95 15 30 7 0
227 7 30 15 0
95 15 30 3 0
95 15 31 22 0
95 15 31 7 0
227 7 31 15 0
95 15 31 3 0
95 15 32 22 0
95 15 32 7 0
227 7 32 15 0
95 15 32 3 0
95 15 33 22 0
95 15 33 7 0
227 7 33 15 0
95 15 33 3 0
95 15 34 22 0
95 15 34 7 0
227 7 34 15 0
95 15 34 3 0
95 15 35 22 0
95 15 35 7 0
227 7 35 15 0
95 15 35 3 0
95 15 36 22 0
95 15 36 7 0
227 7 36 15 0
95 15 36 3 0
95 15 37 22 0
95 15 37 7 0
227 7 37 15 0
95 15 37 3 0
95 15 38 22 0
95 15 38 7 0
227 7 38 15 0
95 15 38 3 0
95 15 39 22 0
95 15 39 7 0
227 7 39 15 0
95 15 39 3 0
95 15 40 22 0
95 15 40 7 0
227 7 40 15 0
95 15 40 3 0
95 15 41 22 0
95 15 41 7 0
227 7 41 15 0
95 15 41 3 0
95 15 42 22 0
95 15 42 7 0
227 7 42 15 0
95 15 42 3 0
95 15 43 22 0
95 15 43 7 0
227 7 43 15 0
95 15 43 3 0
95 15 44 22 0
95 15 44 7 0
227 7 44 15 0
95 15 44 3 0
95 15 45 22 0
95 15 45 7 0
227 7 45 15 0
95 15 45 3 0
95 15 46 22 0
95 15 46 7 0
227 7 46 15 0
95 15 46 3 0
95 15 47 22 0
95 15 47 7 0
227 7 47 15 0
95 15 47 3 0
95 15 48 22 0
95 15 48 7 0
227 7 48 15 0
95 15 48 3 0
95 15 49 22 0
95 15 49 7 0
227 7 49 15 0
95 15 49 3 0
95 15 50 22 0
95 15 50 7 0
227 7 50 15 0
95 15 50 3 0
95 15 51 22 0
95 15 51 7 0
227 7 51 15 0
95 15 51 3 0
95 15 52 22 0
95 15 52 7 0
227 7 52 15 0
95 15 52 3 0
95 15 53 22 0
95 15 53 7 0
227 7 53 15 0
95 15 53 3 0
95 15 54 22 0
95 15 54 7 0
227 7 54 15 0
95 15 54 3 0
95 15 55 22 0
95 15 55 7 0
227 7 55 15 0
95 15 55 3 0
95 15 56 22 0
95 15 56 7 0
227 7 56 15 0
95 15 56 3 0
95 15 57 22 0
95 15 57 7 0
227 7 57 15 0
95 15 57 3 0
95 15 58 22 0
95 15 58 7 0
227 7 58 15 0
95 15 58 3 0
95 15 59 22 0
95 15 59 7 0
227 7 59 15 0
95 15 59 3 0
95 15 60 22 0
95 15 60 7 0
227 7 60 15 0
95 15 60 3 0
95 15 61 22 0
95 15 61 7 0
227 7 61 15 0
95 15 61 3 0
95 15 62 22 0
95 15 62 7 0
227 7 62 15 0
95 15 62 3 0
95 15 63 22 0
95 15 63 7 0
227 7 63 15 0
95 15 63 3 0
95 15 64 22 0
95 15 64 7 0
227 7 64 15 0
95 15 64 3 0
95 15 65 22 0
95 15 65 7 0
227 7 65 15 0
95 15 65 3 0
95 15 66 22 0
95 15 66 7 0
227 7 66 15 0
95 15 66 3 0
95 15 67 22 0
95 15 67 7 0
227 7 67 15 0
95 15 67 3 0
95 15 68 22 0
95 15 68 7 0
227 7 68 15 0
95 15 68 3 0
95 15 69 22 0
95 15 69 7 0
227 7 69 15 0
95 15 69 3 0
95 15 70 22 0
95 15 70 7 0
227 7 70 15 0
95 15 70 3 0
95 15 71 22 0
95 15 71 7 0
227 7 71 15 0
95 15 71 3 0
95 15 72 22 0
95 15 72 7 0
227 7 72 15 0
95 15 72 3 0
95 15 73 22 0
95 15 73 7 0
227 7 73 15 0
95 15 73 3 0
95 15 74 22 0
95 15 74 7 0
227 7 74 15 0
95 15 74 3 0
95 15 75 22 0
95 15 75 7 0
227 7 75 15 0
95 15 75 3 0
95 15 76 22 0
95 15 76 7 0
227 7 76 15 0
95 15 76 3 0
95 15 77 22 0
95 15 77 7 0
227 7 77 15 0
95 15 77 3 0
95 15 78 22 0
95 15 78 7 0
227 7 78 15 0
95 15 78 3 0
95 15 79 22 0
95 15 79 7 0
227 7 79 15 0
95 15 79 3 0
95 15 80 22 0
95 15 80 7 0
227 7 80 15 0
95 15 80 3 0
95 15 81 22 0
95 15 81 7 0
227 7 81 15 0
95 15 81 3 0
95 15 82 22 0
95 15 82 7 0
227 7 82 15 0
95 15 82 3 0
95 15 83 22 0
95 15 83 7 0
227 7 83 15 0
95 15 83 3 0
95 15 84 22 0
95 15 84 7 0
227 7 84 15 0
95 15 84 3 0
95 15 85 22 0
95 15 85 7 0
227 7 85 15 0
95 15 85 3 0
95 15 86 22 0
95 15 86 7 0
227 7 86 15 0
95 15 86 3 0
95 15 87 22 0
95 15 87 7 0
227 7 87 15 0
95 15 87 3 0
95 15 88 22 0
95 15 88 7 0
227 7 88 15 0
95 15 88 3 0
95 15 89 22 0
95 15 89 7 0
227 7 89 15 0
95 15 89 3 0
95 15 90 22 0
95 15 90 7 0
227 7 90 15 0
95 15 90 3 0
95 15 91 22 0
95 15 91 7 0
227 7 91 15 0
95 15 91 3 0
95 15 92 22 0
95 15 92 7 0
227 7 92 15 0
95 15 92 3 0
95 15 93 22 0
95 15 93 7 0
227 7 93 15 0
95 15 93 3 0
95 15 94 22 0
95 15 94 7 0
227 7 94 15 0
95 15 94 3 0
95 15 95 22 0
95 15 95 7 0
227 7 95 15 0
95 15 95 3 0
95 15 96 22 0
95 15 96 7 0
227 7 96 15 0
95 15 96 3 0
95 15 97 22 0
95 15 97 7 0
227 7 97 15 0
95 15 97 3 0
95 15 98 22 0
95 15 98 7 0
227 7 98 15 0
95 15 98 3 0
254 15 20 20 0
254 15 20 18 0
254 15 20 16 0
254 15 20 13 0
254 15 20 11 0
254 15 20 9 0
254 15 21 20 0
254 15 21 18 0
254 15 21 16 0
254 15 21 13 0
254 15 21 11 0
254 15 21 9 0
254 15 22 20 0
254 15 22 18 0
254 15 22 16 0
254 15 22 13 0
254 15 22 11 0
254 15 22 9 0
254 15 23 20 0
254 15 23 18 0
254 15 23 16 0
254 15 23 13 0
254 15 23 11 0
254 15 23 9 0
254 15 24 20 0
254 15 24 18 0
254 15 24 16 0
254 15 24 13 0
254 15 24 11 0
254 15 24 9 0
254 15 25 20 0
254 15 25 18 0
254 15 25 16 0
254 15 25 13 0
254 15 25 11 0
254 15 25 9 0
254 15 26 20 0
254 15 26 18 0
254 15 26 16 0
254 15 26 13 0
254 15 26 11 0
254 15 26 9 0
254 15 27 20 0
254 15 27 18 0
254 15 27 16 0
254 15 27 13 0
254 15 27 11 0
254 15 27 9 0
254 15 28 20 0
254 15 28 18 0
254 15 28 16 0
254 15 28 13 0
254 15 28 11 0
254 15 28 9 0
254 15 29 20 0
254 15 29 18 0
254 15 29 16 0
254 15 29 13 0
254 15 29 11 0
254 15 29 9 0
254 15 30 20 0
254 15 30 18 0
254 15 30 16 0
254 15 30 13 0
254 15 30 11 0
254 15 30 9 0
254 15 70 20 0
254 15 70 18 0
254 15 70 16 0
254 15 70 13 0
254 15 70 11 0
254 15 70 9 0
254 15 71 20 0
254 15 71 18 0
254 15 71 16 0
254 15 71 13 0
254 15 71 11 0
254 15 71 9 0
254 15 72 20 0
254 15 72 18 0
254 15 72 16 0
254 15 72 13 0
254 15 72 11 0
254 15 72 9 0
254 15 73 20 0
254 15 73 18 0
254 15 73 16 0
254 15 73 13 0
254 15 73 11 0
254 15 73 9 0
254 15 74 20 0
254 15 74 18 0
254 15 74 16 0
254 15 74 13 0
254 15 74 11 0
254 15 74 9 0
254 15 75 20 0
254 15 75 18 0
254 15 75 16 0
254 15 75 13 0
254 15 75 11 0
254 15 75 9 0
254 15 76 20 0
254 15 76 18 0
254 15 76 16 0
254 15 76 13 0
254 15 76 11 0
254 15 76 9 0
254 15 77 20 0
254 15 77 18 0
254 15 77 16 0
254 15 77 13 0
254 15 77 11 0
254 15 77 9 0
254 15 78 20 0
254 15 78 18 0
254 15 78 16 0
254 15 78 13 0
254 15 78 11 0
254 15 78 9 0
254 15 79 20 0
254 15 79 18 0
254 15 79 16 0
254 15 79 13 0
254 15 79 11 0
254 15 79 9 0
254 15 80 20 0
254 15 80 18 0
254 15 80 16 0
254 15 80 13 0
254 15 80 11 0
254 15 80 9 0
240 11 25 25 1
240 11 26 25 1
240 11 27 25 1
240 11 28 25 1
240 11 29 25 1
240 11 30 25 1
240 11 31 25 1
240 11 32 25 1
240 11 33 25 1
240 11 34 25 1
240 11 35 25 1
240 11 65 25 1
240 11 66 25 1
240 11 67 25 1
240 11 68 25 1
240 11 69 25 1
240 11 70 25 1
240 11 71 25 1
240 11 72 25 1
240 11 73 25 1
240 11 74 25 1
240 11 75 25 1
225 2 30 23 1
225 2 31 23 1
225 2 32 23 1
225 2 33 23 1
225 2 34 23 1
225 2 35 23 1
225 2 36 23 1
225 2 37 23 1
225 2 38 23 1
225 2 39 23 1
225 2 40 23 1
42 12 1 23 1
42 12 2 23 1
42 12 3 23 1
42 12 4 23 1
42 12 5 23 1
42 12 6 23 1
42 12 7 23 1
42 12 8 23 1
42 12 9 23 1
42 12 10 23 1
225 2 70 23 1
225 2 71 23 1
225 2 72 23 1
225 2 73 23 1
225 2 74 23 1
225 2 75 23 1
225 2 76 23 1
225 2 77 23 1
225 2 78 23 1
225 2 79 23 1
225 2 80 23 1
42 12 91 23 1
42 12 92 23 1
42 12 93 23 1
42 12 94 23 1
42 12 95 23 1
42 12 96 23 1
42 12 97 23 1
42 12 98 23 1
247 9 1 6 1
247 9 1 5 1
247 9 1 4 1
247 9 5 6 1
247 9 5 5 1
247 9 5 4 1
247 9 9 6 1
247 9 9 5 1
247 9 9 4 1
247 9 13 6 1
247 9 13 5 1
247 9 13 4 1
247 9 17 6 1
247 9 17 5 1
247 9 17 4 1
247 9 21 6 1
247 9 21 5 1
247 9 21 4 1
247 9 25 6 1
247 9 25 5 1
247 9 25 4 1
247 9 29 6 1
247 9 29 5 1
247 9 29 4 1
247 9 33 6 1
247 9 33 5 1
247 9 33 4 1
247 9 37 6 1
247 9 37 5 1
247 9 37 4 1
247 9 41 6 1
247 9 41 5 1
247 9 41 4 1
247 9 45 6 1
247 9 45 5 1
247 9 45 4 1
247 9 49 6 1
247 9 49 5 1
247 9 49 4 1
247 9 53 6 1
247 9 53 5 1
247 9 53 4 1
247 9 57 6 1
247 9 57 5 1
247 9 57 4 1
247 9 61 6 1
247 9 61 5 1
247 9 61 4 1
247 9 65 6 1
247 9 65 5 1
247 9 65 4 1
247 9 69 6 1
247 9 69 5 1
247 9 69 4 1
247 9 73 6 1
247 9 73 5 1
247 9 73 4 1
247 9 77 6 1
247 9 77 5 1
247 9 77 4 1
247 9 81 6 1
247 9 81 5 1
247 9 81 4 1
247 9 85 6 1
247 9 85 5 1
247 9 85 4 1
247 9 89 6 1
247 9 89 5 1
247 9 89 4 1
247 9 93 6 1
247 9 93 5 1
247 9 93 4 1
247 9 97 6 1
247 9 97 5 1
247 9 97 4 1
95 14 35 2 0
95 14 36 2 0
95 14 37 2 0
95 14 38 2 0
95 14 39 2 0
95 14 40 2 0
95 14 41 2 0
95 14 42 2 0
95 14 43 2 0
95 14 44 2 0
95 14 45 2 0
95 14 46 2 0
95 14 47 2 0
95 14 48 2 0
95 14 49 2 0
95 14 50 2 0
95 14 51 2 0
95 14 52 2 0
95 14 53 2 0
95 14 54 2 0
95 14 55 2 0
95 14 56 2 0
95 14 57 2 0
95 14 58 2 0
95 14 59 2 0
95 14 60 2 0
95 14 61 2 0
95 14 62 2 0
95 14 63 2 0
95 14 64 2 0
95 14 65 2 0
71 14 48 1 0
79 14 49 1 0
65 14 50 1 0
76 14 51 1 0
