186 13 0 0 1
186 13 99 0 1
186 13 0 1 1
186 13 99 1 1
186 13 0 2 1
186 13 99 2 1
186 13 0 3 1
186 13 99 3 1
186 13 0 4 1
186 13 99 4 1
186 13 0 5 1
186 13 99 5 1
186 13 0 6 1
186 13 99 6 1
186 13 0 7 1
186 13 99 7 1
186 13 0 8 1
186 13 99 8 1
186 13 0 9 1
186 13 99 9 1
186 13 0 10 1
186 13 99 10 1
186 13 0 11 1
186 13 99 11 1
186 13 0 12 1
186 13 99 12 1
186 13 0 13 1
186 13 99 13 1
186 13 0 14 1
186 13 99 14 1
186 13 0 15 1
186 13 99 15 1
186 13 0 16 1
186 13 99 16 1
186 13 0 17 1
186 13 99 17 1
186 13 0 18 1
186 13 99 18 1
186 13 0 19 1
186 13 99 19 1
186 13 0 20 1
186 13 99 20 1
186 13 0 21 1
186 13 99 21 1
186 13 0 22 1
186 13 99 22 1
186 13 0 23 1
186 13 99 23 1
186 13 0 24 1
186 13 99 24 1
186 13 0 25 1
186 13 99 25 1
186 13 0 26 1
186 13 99 26 1
186 13 0 27 1
186 13 99 27 1
186 13 0 28 1
186 13 99 28 1
186 13 0 29 1
186 13 99 29 1
205 13 0 0 1
205 13 0 29 1
205 13 1 0 1
205 13 1 29 1
205 13 2 0 1
205 13 2 29 1
205 13 3 0 1
205 13 3 29 1
205 13 4 0 1
205 13 4 29 1
205 13 5 0 1
205 13 5 29 1
205 13 6 0 1
205 13 6 29 1
205 13 7 0 1
205 13 7 29 1
205 13 8 0 1
205 13 8 29 1
205 13 9 0 1
205 13 9 29 1
205 13 10 0 1
205 13 10 29 1
205 13 11 0 1
205 13 11 29 1
205 13 12 0 1
205 13 12 29 1
205 13 13 0 1
205 13 13 29 1
205 13 14 0 1
205 13 14 29 1
205 13 15 0 1
205 13 15 29 1
205 13 16 0 1
205 13 16 29 1
205 13 17 0 1
205 13 17 29 1
205 13 18 0 1
205 13 18 29 1
205 13 19 0 1
205 13 19 29 1
205 13 20 0 1
205 13 20 29 1
205 13 21 0 1
205 13 21 29 1
205 13 22 0 1
205 13 22 29 1
205 13 23 0 1
205 13 23 29 1
205 13 24 0 1
205 13 24 29 1
205 13 25 0 1
205 13 25 29 1
205 13 26 0 1
205 13 26 29 1
205 13 27 0 1
205 13 27 29 1
205 13 28 0 1
205 13 28 29 1
205 13 29 0 1
205 13 29 29 1
205 13 30 0 1
205 13 30 29 1
205 13 31 0 1
205 13 31 29 1
205 13 32 0 1
205 13 32 29 1
205 13 33 0 1
205 13 33 29 1
205 13 34 0 1
205 13 34 29 1
205 13 35 0 1
205 13 35 29 1
205 13 36 0 1
205 13 36 29 1
205 13 37 0 1
205 13 37 29 1
205 13 38 0 1
205 13 38 29 1
205 13 39 0 1
205 13 39 29 1
205 13 40 0 1
205 13 40 29 1
205 13 41 0 1
205 13 41 29 1
205 13 42 0 1
205 13 42 29 1
205 13 43 0 1
205 13 43 29 1
205 13 44 0 1
205 13 44 29 1
205 13 45 0 1
205 13 45 29 1
205 13 46 0 1
205 13 46 29 1
205 13 47 0 1
205 13 47 29 1
205 13 48 0 1
205 13 48 29 1
205 13 49 0 1
205 13 49 29 1
205 13 50 0 1
205 13 50 29 1
205 13 51 0 1
205 13 51 29 1
205 13 52 0 1
205 13 52 29 1
205 13 53 0 1
205 13 53 29 1
205 13 54 0 1
205 13 54 29 1
205 13 55 0 1
205 13 55 29 1
205 13 56 0 1
205 13 56 29 1
205 13 57 0 1
205 13 57 29 1
205 13 58 0 1
205 13 58 29 1
205 13 59 0 1
205 13 59 29 1
205 13 60 0 1
205 13 60 29 1
205 13 61 0 1
205 13 61 29 1
205 13 62 0 1
205 13 62 29 1
205 13 63 0 1
205 13 63 29 1
205 13 64 0 1
205 13 64 29 1
205 13 65 0 1
205 13 65 29 1
205 13 66 0 1
205 13 66 29 1
205 13 67 0 1
205 13 67 29 1
205 13 68 0 1
205 13 68 29 1
205 13 69 0 1
205 13 69 29 1
205 13 70 0 1
205 13 70 29 1
205 13 71 0 1
205 13 71 29 1
205 13 72 0 1
205 13 72 29 1
205 13 73 0 1
205 13 73 29 1
205 13 74 0 1
205 13 74 29 1
205 13 75 0 1
205 13 75 29 1
205 13 76 0 1
205 13 76 29 1
205 13 77 0 1
205 13 77 29 1
205 13 78 0 1
205 13 78 29 1
205 13 79 0 1
205 13 79 29 1
205 13 80 0 1
205 13 80 29 1
205 13 81 0 1
205 13 81 29 1
205 13 82 0 1
205 13 82 29 1
205 13 83 0 1
205 13 83 29 1
205 13 84 0 1
205 13 84 29 1
205 13 85 0 1
205 13 85 29 1
205 13 86 0 1
205 13 86 29 1
205 13 87 0 1
205 13 87 29 1
205 13 88 0 1
205 13 88 29 1
205 13 89 0 1
205 13 89 29 1
205 13 90 0 1
205 13 90 29 1
205 13 91 0 1
205 13 91 29 1
205 13 92 0 1
205 13 92 29 1
205 13 93 0 1
205 13 93 29 1
205 13 94 0 1
205 13 94 29 1
205 13 95 0 1
205 13 95 29 1
205 13 96 0 1
205 13 96 29 1
205 13 97 0 1
205 13 97 29 1
205 13 98 0 1
205 13 98 29 1
205 13 99 0 1
205 13 99 29 1
201 13 0 0 1
200 13 0 29 1
187 13 99 0 1
188 13 99 29 1
234 10 1 26 1
157 6 1 27 1
234 10 3 26 1
157 6 3 27 1
234 10 5 26 1
157 6 5 27 1
234 10 7 26 1
157 6 7 27 1
234 10 9 26 1
157 6 9 27 1
234 10 11 26 1
157 6 11 27 1
234 10 13 26 1
157 6 13 27 1
234 10 15 26 1
157 6 15 27 1
234 10 17 26 1
157 6 17 27 1
234 10 19 26 1
157 6 19 27 1
234 10 40 26 1
157 6 40 27 1
234 10 42 26 1
157 6 42 27 1
234 10 44 26 1
157 6 44 27 1
234 10 46 26 1
157 6 46 27 1
234 10 48 26 1
157 6 48 27 1
234 10 50 26 1
157 6 50 27 1
234 10 52 26 1
157 6 52 27 1
234 10 54 26 1
157 6 54 27 1
234 10 56 26 1
157 6 56 27 1
234 10 58 26 1
157 6 58 27 1
234 10 60 26 1
157 6 60 27 1
234 10 80 26 1
157 6 80 27 1
234 10 82 26 1
157 6 82 27 1
234 10 84 26 1
157 6 84 27 1
234 10 86 26 1
157 6 86 27 1
234 10 88 26 1
157 6 88 27 1
234 10 90 26 1
157 6 90 27 1
234 10 92 26 1
157 6 92 27 1
234 10 94 26 1
157 6 94 27 1
234 10 96 26 1
157 6 96 27 1
234 10 98 26 1
157 6 98 27 1
95 15 1 23 0
95 15 1 6 0
95 15 2 23 0
95 15 2 6 0
95 15 3 23 0
95 15 3 6 0
95 15 4 23 0
95 15 4 6 0
95 15 5 23 0
95 15 5 6 0
95 15 6 23 0
95 15 6 6 0
95 15 7 23 0
95 15 7 6 0
95 15 8 23 0
95 15 8 6 0
95 15 9 23 0
95 15 9 6 0
95 15 10 23 0
95 15 10 6 0
95 15 11 23 0
95 15 11 6 0
95 15 12 23 0
95 15 12 6 0
95 15 13 23 0
95 15 13 6 0
95 15 14 23 0
95 15 14 6 0
95 15 15 23 0
95 15 15 6 0
95 15 16 23 0
95 15 16 6 0
95 15 17 23 0
95 15 17 6 0
95 15 18 23 0
95 15 18 6 0
95 15 19 23 0
95 15 19 6 0
95 15 20 23 0
95 15 20 6 0
95 15 21 23 0
95 15 21 6 0
95 15 22 23 0
95 15 22 6 0
95 15 23 23 0
95 15 23 6 0
95 15 24 23 0
95 15 24 6 0
95 15 25 23 0
95 15 25 6 0
95 15 26 23 0
95 15 26 6 0
95 15 27 23 0
95 15 27 6 0
95 15 28 23 0
95 15 28 6 0
95 15 29 23 0
95 15 29 6 0
95 15 30 23 0
95 15 30 6 0
95 15 31 23 0
95 15 31 6 0
95 15 32 23 0
95 15 32 6 0
95 15 33 23 0
95 15 33 6 0
95 15 34 23 0
95 15 34 6 0
95 15 35 23 0
95 15 35 6 0
95 15 36 23 0
95 15 36 6 0
95 15 37 23 0
95 15 37 6 0
95 15 38 23 0
95 15 38 6 0
95 15 39 23 0
95 15 39 6 0
95 15 40 23 0
95 15 40 6 0
95 15 41 23 0
95 15 41 6 0
95 15 42 23 0
95 15 42 6 0
95 15 43 23 0
95 15 43 6 0
95 15 44 23 0
95 15 44 6 0
95 15 45 23 0
95 15 45 6 0
95 15 46 23 0
95 15 46 6 0
95 15 47 23 0
95 15 47 6 0
95 15 48 23 0
95 15 48 6 0
95 15 49 23 0
95 15 49 6 0
95 15 50 23 0
95 15 50 6 0
95 15 51 23 0
95 15 51 6 0
95 15 52 23 0
95 15 52 6 0
95 15 53 23 0
95 15 53 6 0
95 15 54 23 0
95 15 54 6 0
95 15 55 23 0
95 15 55 6 0
95 15 56 23 0
95 15 56 6 0
95 15 57 23 0
95 15 57 6 0
95 15 58 23 0
95 15 58 6 0
95 15 59 23 0
95 15 59 6 0
95 15 60 23 0
95 15 60 6 0
95 15 61 23 0
95 15 61 6 0
95 15 62 23 0
95 15 62 6 0
95 15 63 23 0
95 15 63 6 0
95 15 64 23 0
95 15 64 6 0
95 15 65 23 0
95 15 65 6 0
95 15 66 23 0
95 15 66 6 0
95 15 67 23 0
95 15 67 6 0
95 15 68 23 0
95 15 68 6 0
95 15 69 23 0
95 15 69 6 0
95 15 70 23 0
95 15 70 6 0
95 15 71 23 0
95 15 71 6 0
95 15 72 23 0
95 15 72 6 0
95 15 73 23 0
95 15 73 6 0
95 15 74 23 0
95 15 74 6 0
95 15 75 23 0
95 15 75 6 0
95 15 76 23 0
95 15 76 6 0
95 15 77 23 0
95 15 77 6 0
95 15 78 23 0
95 15 78 6 0
95 15 79 23 0
95 15 79 6 0
95 15 80 23 0
95 15 80 6 0
95 15 81 23 0
95 15 81 6 0
95 15 82 23 0
95 15 82 6 0
95 15 83 23 0
95 15 83 6 0
95 15 84 23 0
95 15 84 6 0
95 15 85 23 0
95 15 85 6 0
95 15 86 23 0
95 15 86 6 0
95 15 87 23 0
95 15 87 6 0
95 15 88 23 0
95 15 88 6 0
95 15 89 23 0
95 15 89 6 0
95 15 90 23 0
95 15 90 6 0
95 15 91 23 0
95 15 91 6 0
95 15 92 23 0
95 15 92 6 0
95 15 93 23 0
95 15 93 6 0
95 15 94 23 0
95 15 94 6 0
95 15 95 23 0
95 15 95 6 0
95 15 96 23 0
95 15 96 6 0
95 15 97 23 0
95 15 97 6 0
95 15 98 23 0
95 15 98 6 0
254 15 30 22 0
254 15 30 19 0
254 15 30 16 0
254 15 30 13 0
254 15 30 10 0
254 15 30 7 0
254 15 31 22 0
254 15 31 19 0
254 15 31 16 0
254 15 31 13 0
254 15 31 10 0
254 15 31 7 0
254 15 32 22 0
254 15 32 19 0
254 15 32 16 0
254 15 32 13 0
254 15 32 10 0
254 15 32 7 0
254 15 33 22 0
254 15 33 19 0
254 15 33 16 0
254 15 33 13 0
254 15 33 10 0
254 15 33 7 0
254 15 34 22 0
254 15 34 19 0
254 15 34 16 0
254 15 34 13 0
254 15 34 10 0
254 15 34 7 0
254 15 35 22 0
254 15 35 19 0
254 15 35 16 0
254 15 35 13 0
254 15 35 10 0
254 15 35 7 0
254 15 36 22 0
254 15 36 19 0
254 15 36 16 0
254 15 36 13 0
254 15 36 10 0
254 15 36 7 0
254 15 37 22 0
254 15 37 19 0
254 15 37 16 0
254 15 37 13 0
254 15 37 10 0
254 15 37 7 0
254 15 38 22 0
254 15 38 19 0
254 15 38 16 0
254 15 38 13 0
254 15 38 10 0
254 15 38 7 0
254 15 39 22 0
254 15 39 19 0
254 15 39 16 0
254 15 39 13 0
254 15 39 10 0
254 15 39 7 0
254 15 40 22 0
254 15 40 19 0
254 15 40 16 0
254 15 40 13 0
254 15 40 10 0
254 15 40 7 0
254 15 70 22 0
254 15 70 19 0
254 15 70 16 0
254 15 70 13 0
254 15 70 10 0
254 15 70 7 0
254 15 71 22 0
254 15 71 19 0
254 15 71 16 0
254 15 71 13 0
254 15 71 10 0
254 15 71 7 0
254 15 72 22 0
254 15 72 19 0
254 15 72 16 0
254 15 72 13 0
254 15 72 10 0
254 15 72 7 0
254 15 73 22 0
254 15 73 19 0
254 15 73 16 0
254 15 73 13 0
254 15 73 10 0
254 15 73 7 0
254 15 74 22 0
254 15 74 19 0
254 15 74 16 0
254 15 74 13 0
254 15 74 10 0
254 15 74 7 0
254 15 75 22 0
254 15 75 19 0
254 15 75 16 0
254 15 75 13 0
254 15 75 10 0
254 15 75 7 0
254 15 76 22 0
254 15 76 19 0
254 15 76 16 0
254 15 76 13 0
254 15 76 10 0
254 15 76 7 0
254 15 77 22 0
254 15 77 19 0
254 15 77 16 0
254 15 77 13 0
254 15 77 10 0
254 15 77 7 0
254 15 78 22 0
254 15 78 19 0
254 15 78 16 0
254 15 78 13 0
254 15 78 10 0
254 15 78 7 0
254 15 79 22 0
254 15 79 19 0
254 15 79 16 0
254 15 79 13 0
254 15 79 10 0
254 15 79 7 0
254 15 80 22 0
254 15 80 19 0
254 15 80 16 0
254 15 80 13 0
254 15 80 10 0
254 15 80 7 0
167 12 1 2 1
157 6 1 1 1
167 12 3 2 1
157 6 3 1 1
167 12 5 2 1
157 6 5 1 1
167 12 7 2 1
157 6 7 1 1
167 12 9 2 1
157 6 9 1 1
167 12 11 2 1
157 6 11 1 1
167 12 13 2 1
157 6 13 1 1
167 12 15 2 1
157 6 15 1 1
167 12 17 2 1
157 6 17 1 1
167 12 19 2 1
157 6 19 1 1
167 12 80 2 1
157 6 80 1 1
167 12 82 2 1
157 6 82 1 1
167 12 84 2 1
157 6 84 1 1
167 12 86 2 1
157 6 86 1 1
167 12 88 2 1
157 6 88 1 1
167 12 90 2 1
157 6 90 1 1
167 12 92 2 1
157 6 92 1 1
167 12 94 2 1
157 6 94 1 1
167 12 96 2 1
157 6 96 1 1
167 12 98 2 1
157 6 98 1 1
240 11 20 24 1
240 11 21 24 1
240 11 22 24 1
240 11 23 24 1
240 11 24 24 1
240 11 25 24 1
240 11 26 24 1
240 11 27 24 1
240 11 28 24 1
240 11 29 24 1
240 11 30 24 1
240 11 31 24 1
240 11 32 24 1
240 11 33 24 1
240 11 34 24 1
240 11 35 24 1
240 11 36 24 1
240 11 37 24 1
240 11 38 24 1
240 11 39 24 1
240 11 40 24 1
240 11 60 24 1
240 11 61 24 1
240 11 62 24 1
240 11 63 24 1
240 11 64 24 1
240 11 65 24 1
240 11 66 24 1
240 11 67 24 1
240 11 68 24 1
240 11 69 24 1
240 11 70 24 1
240 11 71 24 1
240 11 72 24 1
240 11 73 24 1
240 11 74 24 1
240 11 75 24 1
240 11 76 24 1
240 11 77 24 1
240 11 78 24 1
240 11 79 24 1
240 11 80 24 1
209 11 25 3 1
209 11 26 3 1
209 11 27 3 1
209 11 28 3 1
209 11 29 3 1
209 11 30 3 1
209 11 31 3 1
209 11 32 3 1
209 11 33 3 1
209 11 34 3 1
209 11 35 3 1
209 11 36 3 1
209 11 37 3 1
209 11 38 3 1
209 11 39 3 1
209 11 40 3 1
209 11 41 3 1
209 11 42 3 1
209 11 43 3 1
209 11 44 3 1
209 11 45 3 1
209 11 55 3 1
209 11 56 3 1
209 11 57 3 1
209 11 58 3 1
209 11 59 3 1
209 11 60 3 1
209 11 61 3 1
209 11 62 3 1
209 11 63 3 1
209 11 64 3 1
209 11 65 3 1
209 11 66 3 1
209 11 67 3 1
209 11 68 3 1
209 11 69 3 1
209 11 70 3 1
209 11 71 3 1
209 11 72 3 1
209 11 73 3 1
209 11 74 3 1
209 11 75 3 1
240 11 10 5 1
240 11 11 5 1
240 11 12 5 1
240 11 13 5 1
240 11 14 5 1
240 11 15 5 1
240 11 16 5 1
240 11 17 5 1
240 11 18 5 1
240 11 19 5 1
240 11 20 5 1
157 6 40 5 1
157 6 42 5 1
157 6 44 5 1
157 6 46 5 1
157 6 48 5 1
157 6 50 5 1
157 6 52 5 1
157 6 54 5 1
157 6 56 5 1
157 6 58 5 1
157 6 60 5 1
232 10 80 5 1
232 10 82 5 1
232 10 84 5 1
232 10 86 5 1
232 10 88 5 1
232 10 90 5 1
95 14 35 2 0
95 14 36 2 0
95 14 37 2 0
95 14 38 2 0
95 14 39 2 0
95 14 40 2 0
95 14 41 2 0
95 14 42 2 0
95 14 43 2 0
95 14 44 2 0
95 14 45 2 0
95 14 46 2 0
95 14 47 2 0
95 14 48 2 0
95 14 49 2 0
95 14 50 2 0
95 14 51 2 0
95 14 52 2 0
95 14 53 2 0
95 14 54 2 0
95 14 55 2 0
95 14 56 2 0
95 14 57 2 0
95 14 58 2 0
95 14 59 2 0
95 14 60 2 0
95 14 61 2 0
95 14 62 2 0
95 14 63 2 0
95 14 64 2 0
95 14 65 2 0
71 14 48 1 0
79 14 49 1 0
65 14 50 1 0
76 14 51 1 0
