186 13 0 0 1
186 13 99 0 1
186 13 0 1 1
186 13 99 1 1
186 13 0 2 1
186 13 99 2 1
186 13 0 3 1
186 13 99 3 1
186 13 0 4 1
186 13 99 4 1
186 13 0 5 1
186 13 99 5 1
186 13 0 6 1
186 13 99 6 1
186 13 0 7 1
186 13 99 7 1
186 13 0 8 1
186 13 99 8 1
186 13 0 9 1
186 13 99 9 1
186 13 0 10 1
186 13 99 10 1
186 13 0 11 1
186 13 99 11 1
186 13 0 12 1
186 13 99 12 1
186 13 0 13 1
186 13 99 13 1
186 13 0 14 1
186 13 99 14 1
186 13 0 15 1
186 13 99 15 1
186 13 0 16 1
186 13 99 16 1
186 13 0 17 1
186 13 99 17 1
186 13 0 18 1
186 13 99 18 1
186 13 0 19 1
186 13 99 19 1
186 13 0 20 1
186 13 99 20 1
186 13 0 21 1
186 13 99 21 1
186 13 0 22 1
186 13 99 22 1
186 13 0 23 1
186 13 99 23 1
186 13 0 24 1
186 13 99 24 1
186 13 0 25 1
186 13 99 25 1
186 13 0 26 1
186 13 99 26 1
186 13 0 27 1
186 13 99 27 1
186 13 0 28 1
186 13 99 28 1
186 13 0 29 1
186 13 99 29 1
205 13 0 0 1
205 13 0 29 1
205 13 1 0 1
205 13 1 29 1
205 13 2 0 1
205 13 2 29 1
205 13 3 0 1
205 13 3 29 1
205 13 4 0 1
205 13 4 29 1
205 13 5 0 1
205 13 5 29 1
205 13 6 0 1
205 13 6 29 1
205 13 7 0 1
205 13 7 29 1
205 13 8 0 1
205 13 8 29 1
205 13 9 0 1
205 13 9 29 1
205 13 10 0 1
205 13 10 29 1
205 13 11 0 1
205 13 11 29 1
205 13 12 0 1
205 13 12 29 1
205 13 13 0 1
205 13 13 29 1
205 13 14 0 1
205 13 14 29 1
205 13 15 0 1
205 13 15 29 1
205 13 16 0 1
205 13 16 29 1
205 13 17 0 1
205 13 17 29 1
205 13 18 0 1
205 13 18 29 1
205 13 19 0 1
205 13 19 29 1
205 13 20 0 1
205 13 20 29 1
205 13 21 0 1
205 13 21 29 1
205 13 22 0 1
205 13 22 29 1
205 13 23 0 1
205 13 23 29 1
205 13 24 0 1
205 13 24 29 1
205 13 25 0 1
205 13 25 29 1
205 13 26 0 1
205 13 26 29 1
205 13 27 0 1
205 13 27 29 1
205 13 28 0 1
205 13 28 29 1
205 13 29 0 1
205 13 29 29 1
205 13 30 0 1
205 13 30 29 1
205 13 31 0 1
205 13 31 29 1
205 13 32 0 1
205 13 32 29 1
205 13 33 0 1
205 13 33 29 1
205 13 34 0 1
205 13 34 29 1
205 13 35 0 1
205 13 35 29 1
205 13 36 0 1
205 13 36 29 1
205 13 37 0 1
205 13 37 29 1
205 13 38 0 1
205 13 38 29 1
205 13 39 0 1
205 13 39 29 1
205 13 40 0 1
205 13 40 29 1
205 13 41 0 1
205 13 41 29 1
205 13 42 0 1
205 13 42 29 1
205 13 43 0 1
205 13 43 29 1
205 13 44 0 1
205 13 44 29 1
205 13 45 0 1
205 13 45 29 1
205 13 46 0 1
205 13 46 29 1
205 13 47 0 1
205 13 47 29 1
205 13 48 0 1
205 13 48 29 1
205 13 49 0 1
205 13 49 29 1
205 13 50 0 1
205 13 50 29 1
205 13 51 0 1
205 13 51 29 1
205 13 52 0 1
205 13 52 29 1
205 13 53 0 1
205 13 53 29 1
205 13 54 0 1
205 13 54 29 1
205 13 55 0 1
205 13 55 29 1
205 13 56 0 1
205 13 56 29 1
205 13 57 0 1
205 13 57 29 1
205 13 58 0 1
205 13 58 29 1
205 13 59 0 1
205 13 59 29 1
205 13 60 0 1
205 13 60 29 1
205 13 61 0 1
205 13 61 29 1
205 13 62 0 1
205 13 62 29 1
205 13 63 0 1
205 13 63 29 1
205 13 64 0 1
205 13 64 29 1
205 13 65 0 1
205 13 65 29 1
205 13 66 0 1
205 13 66 29 1
205 13 67 0 1
205 13 67 29 1
205 13 68 0 1
205 13 68 29 1
205 13 69 0 1
205 13 69 29 1
205 13 70 0 1
205 13 70 29 1
205 13 71 0 1
205 13 71 29 1
205 13 72 0 1
205 13 72 29 1
205 13 73 0 1
205 13 73 29 1
205 13 74 0 1
205 13 74 29 1
205 13 75 0 1
205 13 75 29 1
205 13 76 0 1
205 13 76 29 1
205 13 77 0 1
205 13 77 29 1
205 13 78 0 1
205 13 78 29 1
205 13 79 0 1
205 13 79 29 1
205 13 80 0 1
205 13 80 29 1
205 13 81 0 1
205 13 81 29 1
205 13 82 0 1
205 13 82 29 1
205 13 83 0 1
205 13 83 29 1
205 13 84 0 1
205 13 84 29 1
205 13 85 0 1
205 13 85 29 1
205 13 86 0 1
205 13 86 29 1
205 13 87 0 1
205 13 87 29 1
205 13 88 0 1
205 13 88 29 1
205 13 89 0 1
205 13 89 29 1
205 13 90 0 1
205 13 90 29 1
205 13 91 0 1
205 13 91 29 1
205 13 92 0 1
205 13 92 29 1
205 13 93 0 1
205 13 93 29 1
205 13 94 0 1
205 13 94 29 1
205 13 95 0 1
205 13 95 29 1
205 13 96 0 1
205 13 96 29 1
205 13 97 0 1
205 13 97 29 1
205 13 98 0 1
205 13 98 29 1
205 13 99 0 1
205 13 99 29 1
201 13 0 0 1
200 13 0 29 1
187 13 99 0 1
188 13 99 29 1
167 12 1 26 1
157 6 1 27 1
167 12 3 26 1
157 6 3 27 1
167 12 5 26 1
157 6 5 27 1
167 12 7 26 1
157 6 7 27 1
167 12 9 26 1
157 6 9 27 1
167 12 11 26 1
157 6 11 27 1
167 12 13 26 1
157 6 13 27 1
167 12 15 26 1
157 6 15 27 1
167 12 17 26 1
157 6 17 27 1
167 12 19 26 1
157 6 19 27 1
232 10 40 26 1
157 6 40 27 1
232 10 42 26 1
157 6 42 27 1
232 10 44 26 1
157 6 44 27 1
232 10 46 26 1
157 6 46 27 1
232 10 48 26 1
157 6 48 27 1
232 10 50 26 1
157 6 50 27 1
232 10 52 26 1
157 6 52 27 1
232 10 54 26 1
157 6 54 27 1
232 10 56 26 1
157 6 56 27 1
232 10 58 26 1
157 6 58 27 1
232 10 60 26 1
157 6 60 27 1
167 12 80 26 1
157 6 80 27 1
167 12 82 26 1
157 6 82 27 1
167 12 84 26 1
157 6 84 27 1
167 12 86 26 1
157 6 86 27 1
167 12 88 26 1
157 6 88 27 1
167 12 90 26 1
157 6 90 27 1
167 12 92 26 1
157 6 92 27 1
167 12 94 26 1
157 6 94 27 1
167 12 96 26 1
157 6 96 27 1
167 12 98 26 1
157 6 98 27 1
95 15 1 23 0
95 15 1 13 0
95 15 1 15 0
95 15 1 3 0
95 15 2 23 0
95 15 2 13 0
95 15 2 15 0
95 15 2 3 0
95 15 3 23 0
95 15 3 13 0
95 15 3 15 0
95 15 3 3 0
95 15 4 23 0
95 15 4 13 0
95 15 4 15 0
95 15 4 3 0
95 15 5 23 0
95 15 5 13 0
95 15 5 15 0
95 15 5 3 0
95 15 6 23 0
95 15 6 13 0
95 15 6 15 0
95 15 6 3 0
95 15 7 23 0
95 15 7 13 0
95 15 7 15 0
95 15 7 3 0
95 15 8 23 0
95 15 8 13 0
95 15 8 15 0
95 15 8 3 0
95 15 9 23 0
95 15 9 13 0
95 15 9 15 0
95 15 9 3 0
95 15 10 23 0
95 15 10 13 0
95 15 10 15 0
95 15 10 3 0
95 15 11 23 0
95 15 11 13 0
95 15 11 15 0
95 15 11 3 0
95 15 12 23 0
95 15 12 13 0
95 15 12 15 0
95 15 12 3 0
95 15 13 23 0
95 15 13 13 0
95 15 13 15 0
95 15 13 3 0
95 15 14 23 0
95 15 14 13 0
95 15 14 15 0
95 15 14 3 0
95 15 15 23 0
95 15 15 13 0
95 15 15 15 0
95 15 15 3 0
95 15 16 23 0
95 15 16 13 0
95 15 16 15 0
95 15 16 3 0
95 15 17 23 0
95 15 17 13 0
95 15 17 15 0
95 15 17 3 0
95 15 18 23 0
95 15 18 13 0
95 15 18 15 0
95 15 18 3 0
95 15 19 23 0
95 15 19 13 0
95 15 19 15 0
95 15 19 3 0
95 15 20 23 0
95 15 20 13 0
95 15 20 15 0
95 15 20 3 0
95 15 21 23 0
95 15 21 13 0
95 15 21 15 0
95 15 21 3 0
95 15 22 23 0
95 15 22 13 0
95 15 22 15 0
95 15 22 3 0
95 15 23 23 0
95 15 23 13 0
95 15 23 15 0
95 15 23 3 0
95 15 24 23 0
95 15 24 13 0
95 15 24 15 0
95 15 24 3 0
95 15 25 23 0
95 15 25 13 0
95 15 25 15 0
95 15 25 3 0
95 15 26 23 0
95 15 26 13 0
95 15 26 15 0
95 15 26 3 0
95 15 27 23 0
95 15 27 13 0
95 15 27 15 0
95 15 27 3 0
95 15 28 23 0
95 15 28 13 0
95 15 28 15 0
95 15 28 3 0
95 15 29 23 0
95 15 29 13 0
95 15 29 15 0
95 15 29 3 0
95 15 30 23 0
95 15 30 13 0
95 15 30 15 0
95 15 30 3 0
95 15 31 23 0
95 15 31 13 0
95 15 31 15 0
95 15 31 3 0
95 15 32 23 0
95 15 32 13 0
95 15 32 15 0
95 15 32 3 0
95 15 33 23 0
95 15 33 13 0
95 15 33 15 0
95 15 33 3 0
95 15 34 23 0
95 15 34 13 0
95 15 34 15 0
95 15 34 3 0
95 15 35 23 0
95 15 35 13 0
95 15 35 15 0
95 15 35 3 0
95 15 36 23 0
95 15 36 13 0
95 15 36 15 0
95 15 36 3 0
95 15 37 23 0
95 15 37 13 0
95 15 37 15 0
95 15 37 3 0
95 15 38 23 0
95 15 38 13 0
95 15 38 15 0
95 15 38 3 0
95 15 39 23 0
95 15 39 13 0
95 15 39 15 0
95 15 39 3 0
95 15 40 23 0
95 15 40 13 0
95 15 40 15 0
95 15 40 3 0
95 15 41 23 0
95 15 41 13 0
95 15 41 15 0
95 15 41 3 0
95 15 42 23 0
95 15 42 13 0
95 15 42 15 0
95 15 42 3 0
95 15 43 23 0
95 15 43 13 0
95 15 43 15 0
95 15 43 3 0
95 15 44 23 0
95 15 44 13 0
95 15 44 15 0
95 15 44 3 0
95 15 45 23 0
95 15 45 13 0
95 15 45 15 0
95 15 45 3 0
95 15 46 23 0
95 15 46 13 0
95 15 46 15 0
95 15 46 3 0
95 15 47 23 0
95 15 47 13 0
95 15 47 15 0
95 15 47 3 0
95 15 48 23 0
95 15 48 13 0
95 15 48 15 0
95 15 48 3 0
95 15 49 23 0
95 15 49 13 0
95 15 49 15 0
95 15 49 3 0
95 15 50 23 0
95 15 50 13 0
95 15 50 15 0
95 15 50 3 0
95 15 51 23 0
95 15 51 13 0
95 15 51 15 0
95 15 51 3 0
95 15 52 23 0
95 15 52 13 0
95 15 52 15 0
95 15 52 3 0
95 15 53 23 0
95 15 53 13 0
95 15 53 15 0
95 15 53 3 0
95 15 54 23 0
95 15 54 13 0
95 15 54 15 0
95 15 54 3 0
95 15 55 23 0
95 15 55 13 0
95 15 55 15 0
95 15 55 3 0
95 15 56 23 0
95 15 56 13 0
95 15 56 15 0
95 15 56 3 0
95 15 57 23 0
95 15 57 13 0
95 15 57 15 0
95 15 57 3 0
95 15 58 23 0
95 15 58 13 0
95 15 58 15 0
95 15 58 3 0
95 15 59 23 0
95 15 59 13 0
95 15 59 15 0
95 15 59 3 0
95 15 60 23 0
95 15 60 13 0
95 15 60 15 0
95 15 60 3 0
95 15 61 23 0
95 15 61 13 0
95 15 61 15 0
95 15 61 3 0
95 15 62 23 0
95 15 62 13 0
95 15 62 15 0
95 15 62 3 0
95 15 63 23 0
95 15 63 13 0
95 15 63 15 0
95 15 63 3 0
95 15 64 23 0
95 15 64 13 0
95 15 64 15 0
95 15 64 3 0
95 15 65 23 0
95 15 65 13 0
95 15 65 15 0
95 15 65 3 0
95 15 66 23 0
95 15 66 13 0
95 15 66 15 0
95 15 66 3 0
95 15 67 23 0
95 15 67 13 0
95 15 67 15 0
95 15 67 3 0
95 15 68 23 0
95 15 68 13 0
95 15 68 15 0
95 15 68 3 0
95 15 69 23 0
95 15 69 13 0
95 15 69 15 0
95 15 69 3 0
95 15 70 23 0
95 15 70 13 0
95 15 70 15 0
95 15 70 3 0
95 15 71 23 0
95 15 71 13 0
95 15 71 15 0
95 15 71 3 0
95 15 72 23 0
95 15 72 13 0
95 15 72 15 0
95 15 72 3 0
95 15 73 23 0
95 15 73 13 0
95 15 73 15 0
95 15 73 3 0
95 15 74 23 0
95 15 74 13 0
95 15 74 15 0
95 15 74 3 0
95 15 75 23 0
95 15 75 13 0
95 15 75 15 0
95 15 75 3 0
95 15 76 23 0
95 15 76 13 0
95 15 76 15 0
95 15 76 3 0
95 15 77 23 0
95 15 77 13 0
95 15 77 15 0
95 15 77 3 0
95 15 78 23 0
95 15 78 13 0
95 15 78 15 0
95 15 78 3 0
95 15 79 23 0
95 15 79 13 0
95 15 79 15 0
95 15 79 3 0
95 15 80 23 0
95 15 80 13 0
95 15 80 15 0
95 15 80 3 0
95 15 81 23 0
95 15 81 13 0
95 15 81 15 0
95 15 81 3 0
95 15 82 23 0
95 15 82 13 0
95 15 82 15 0
95 15 82 3 0
95 15 83 23 0
95 15 83 13 0
95 15 83 15 0
95 15 83 3 0
95 15 84 23 0
95 15 84 13 0
95 15 84 15 0
95 15 84 3 0
95 15 85 23 0
95 15 85 13 0
95 15 85 15 0
95 15 85 3 0
95 15 86 23 0
95 15 86 13 0
95 15 86 15 0
95 15 86 3 0
95 15 87 23 0
95 15 87 13 0
95 15 87 15 0
95 15 87 3 0
95 15 88 23 0
95 15 88 13 0
95 15 88 15 0
95 15 88 3 0
95 15 89 23 0
95 15 89 13 0
95 15 89 15 0
95 15 89 3 0
95 15 90 23 0
95 15 90 13 0
95 15 90 15 0
95 15 90 3 0
95 15 91 23 0
95 15 91 13 0
95 15 91 15 0
95 15 91 3 0
95 15 92 23 0
95 15 92 13 0
95 15 92 15 0
95 15 92 3 0
95 15 93 23 0
95 15 93 13 0
95 15 93 15 0
95 15 93 3 0
95 15 94 23 0
95 15 94 13 0
95 15 94 15 0
95 15 94 3 0
95 15 95 23 0
95 15 95 13 0
95 15 95 15 0
95 15 95 3 0
95 15 96 23 0
95 15 96 13 0
95 15 96 15 0
95 15 96 3 0
95 15 97 23 0
95 15 97 13 0
95 15 97 15 0
95 15 97 3 0
95 15 98 23 0
95 15 98 13 0
95 15 98 15 0
95 15 98 3 0
254 15 25 11 0
254 15 25 8 0
254 15 25 5 0
254 15 26 11 0
254 15 26 8 0
254 15 26 5 0
254 15 27 11 0
254 15 27 8 0
254 15 27 5 0
254 15 28 11 0
254 15 28 8 0
254 15 28 5 0
254 15 29 11 0
254 15 29 8 0
254 15 29 5 0
254 15 30 11 0
254 15 30 8 0
254 15 30 5 0
254 15 31 11 0
254 15 31 8 0
254 15 31 5 0
254 15 32 11 0
254 15 32 8 0
254 15 32 5 0
254 15 33 11 0
254 15 33 8 0
254 15 33 5 0
254 15 34 11 0
254 15 34 8 0
254 15 34 5 0
254 15 35 11 0
254 15 35 8 0
254 15 35 5 0
254 15 65 11 0
254 15 65 8 0
254 15 65 5 0
254 15 66 11 0
254 15 66 8 0
254 15 66 5 0
254 15 67 11 0
254 15 67 8 0
254 15 67 5 0
254 15 68 11 0
254 15 68 8 0
254 15 68 5 0
254 15 69 11 0
254 15 69 8 0
254 15 69 5 0
254 15 70 11 0
254 15 70 8 0
254 15 70 5 0
254 15 71 11 0
254 15 71 8 0
254 15 71 5 0
254 15 72 11 0
254 15 72 8 0
254 15 72 5 0
254 15 73 11 0
254 15 73 8 0
254 15 73 5 0
254 15 74 11 0
254 15 74 8 0
254 15 74 5 0
254 15 75 11 0
254 15 75 8 0
254 15 75 5 0
167 12 10 2 1
157 6 10 1 1
167 12 12 2 1
157 6 12 1 1
167 12 14 2 1
157 6 14 1 1
167 12 16 2 1
157 6 16 1 1
167 12 18 2 1
157 6 18 1 1
167 12 20 2 1
157 6 20 1 1
167 12 22 2 1
157 6 22 1 1
167 12 24 2 1
157 6 24 1 1
167 12 26 2 1
157 6 26 1 1
167 12 28 2 1
157 6 28 1 1
167 12 30 2 1
157 6 30 1 1
167 12 32 2 1
157 6 32 1 1
167 12 68 2 1
157 6 68 1 1
167 12 70 2 1
157 6 70 1 1
167 12 72 2 1
157 6 72 1 1
167 12 74 2 1
157 6 74 1 1
167 12 76 2 1
157 6 76 1 1
167 12 78 2 1
157 6 78 1 1
167 12 80 2 1
157 6 80 1 1
167 12 82 2 1
157 6 82 1 1
167 12 84 2 1
157 6 84 1 1
167 12 86 2 1
157 6 86 1 1
167 12 88 2 1
157 6 88 1 1
167 12 90 2 1
157 6 90 1 1
247 9 1 22 1
247 9 1 21 1
247 9 1 20 1
247 9 1 19 1
247 9 1 18 1
247 9 1 17 1
247 9 1 16 1
247 9 5 22 1
247 9 5 21 1
247 9 5 20 1
247 9 5 19 1
247 9 5 18 1
247 9 5 17 1
247 9 5 16 1
247 9 9 22 1
247 9 9 21 1
247 9 9 20 1
247 9 9 19 1
247 9 9 18 1
247 9 9 17 1
247 9 9 16 1
247 9 13 22 1
247 9 13 21 1
247 9 13 20 1
247 9 13 19 1
247 9 13 18 1
247 9 13 17 1
247 9 13 16 1
247 9 17 22 1
247 9 17 21 1
247 9 17 20 1
247 9 17 19 1
247 9 17 18 1
247 9 17 17 1
247 9 17 16 1
247 9 21 22 1
247 9 21 21 1
247 9 21 20 1
247 9 21 19 1
247 9 21 18 1
247 9 21 17 1
247 9 21 16 1
247 9 25 22 1
247 9 25 21 1
247 9 25 20 1
247 9 25 19 1
247 9 25 18 1
247 9 25 17 1
247 9 25 16 1
247 9 29 22 1
247 9 29 21 1
247 9 29 20 1
247 9 29 19 1
247 9 29 18 1
247 9 29 17 1
247 9 29 16 1
247 9 33 22 1
247 9 33 21 1
247 9 33 20 1
247 9 33 19 1
247 9 33 18 1
247 9 33 17 1
247 9 33 16 1
247 9 37 22 1
247 9 37 21 1
247 9 37 20 1
247 9 37 19 1
247 9 37 18 1
247 9 37 17 1
247 9 37 16 1
247 9 41 22 1
247 9 41 21 1
247 9 41 20 1
247 9 41 19 1
247 9 41 18 1
247 9 41 17 1
247 9 41 16 1
247 9 45 22 1
247 9 45 21 1
247 9 45 20 1
247 9 45 19 1
247 9 45 18 1
247 9 45 17 1
247 9 45 16 1
247 9 49 22 1
247 9 49 21 1
247 9 49 20 1
247 9 49 19 1
247 9 49 18 1
247 9 49 17 1
247 9 49 16 1
247 9 53 22 1
247 9 53 21 1
247 9 53 20 1
247 9 53 19 1
247 9 53 18 1
247 9 53 17 1
247 9 53 16 1
247 9 57 22 1
247 9 57 21 1
247 9 57 20 1
247 9 57 19 1
247 9 57 18 1
247 9 57 17 1
247 9 57 16 1
247 9 61 22 1
247 9 61 21 1
247 9 61 20 1
247 9 61 19 1
247 9 61 18 1
247 9 61 17 1
247 9 61 16 1
247 9 65 22 1
247 9 65 21 1
247 9 65 20 1
247 9 65 19 1
247 9 65 18 1
247 9 65 17 1
247 9 65 16 1
247 9 69 22 1
247 9 69 21 1
247 9 69 20 1
247 9 69 19 1
247 9 69 18 1
247 9 69 17 1
247 9 69 16 1
247 9 73 22 1
247 9 73 21 1
247 9 73 20 1
247 9 73 19 1
247 9 73 18 1
247 9 73 17 1
247 9 73 16 1
247 9 77 22 1
247 9 77 21 1
247 9 77 20 1
247 9 77 19 1
247 9 77 18 1
247 9 77 17 1
247 9 77 16 1
247 9 81 22 1
247 9 81 21 1
247 9 81 20 1
247 9 81 19 1
247 9 81 18 1
247 9 81 17 1
247 9 81 16 1
247 9 85 22 1
247 9 85 21 1
247 9 85 20 1
247 9 85 19 1
247 9 85 18 1
247 9 85 17 1
247 9 85 16 1
247 9 89 22 1
247 9 89 21 1
247 9 89 20 1
247 9 89 19 1
247 9 89 18 1
247 9 89 17 1
247 9 89 16 1
247 9 93 22 1
247 9 93 21 1
247 9 93 20 1
247 9 93 19 1
247 9 93 18 1
247 9 93 17 1
247 9 93 16 1
247 9 97 22 1
247 9 97 21 1
247 9 97 20 1
247 9 97 19 1
247 9 97 18 1
247 9 97 17 1
247 9 97 16 1
234 10 1 14 1
234 10 2 14 1
234 10 3 14 1
234 10 4 14 1
234 10 5 14 1
234 10 6 14 1
234 10 7 14 1
234 10 8 14 1
234 10 9 14 1
234 10 10 14 1
234 10 11 14 1
234 10 12 14 1
234 10 13 14 1
234 10 14 14 1
234 10 15 14 1
234 10 16 14 1
234 10 17 14 1
234 10 18 14 1
234 10 19 14 1
234 10 20 14 1
194 11 35 14 1
194 11 36 14 1
194 11 37 14 1
194 11 38 14 1
194 11 39 14 1
194 11 40 14 1
194 11 41 14 1
194 11 42 14 1
194 11 43 14 1
194 11 44 14 1
194 11 45 14 1
194 11 46 14 1
194 11 47 14 1
194 11 48 14 1
194 11 49 14 1
194 11 50 14 1
194 11 51 14 1
194 11 52 14 1
194 11 53 14 1
194 11 54 14 1
194 11 55 14 1
234 10 70 14 1
234 10 71 14 1
234 10 72 14 1
234 10 73 14 1
234 10 74 14 1
234 10 75 14 1
234 10 76 14 1
234 10 77 14 1
234 10 78 14 1
234 10 79 14 1
234 10 80 14 1
234 10 81 14 1
234 10 82 14 1
234 10 83 14 1
234 10 84 14 1
234 10 85 14 1
234 10 86 14 1
234 10 87 14 1
234 10 88 14 1
234 10 89 14 1
234 10 90 14 1
194 11 20 24 1
194 11 21 24 1
194 11 22 24 1
194 11 23 24 1
194 11 24 24 1
194 11 25 24 1
194 11 26 24 1
194 11 27 24 1
194 11 28 24 1
194 11 29 24 1
194 11 30 24 1
194 11 31 24 1
194 11 32 24 1
194 11 33 24 1
194 11 34 24 1
194 11 35 24 1
194 11 36 24 1
194 11 37 24 1
194 11 38 24 1
194 11 39 24 1
194 11 40 24 1
234 10 55 24 1
234 10 56 24 1
234 10 57 24 1
234 10 58 24 1
234 10 59 24 1
234 10 60 24 1
234 10 61 24 1
234 10 62 24 1
234 10 63 24 1
234 10 64 24 1
234 10 65 24 1
234 10 66 24 1
234 10 67 24 1
234 10 68 24 1
234 10 69 24 1
234 10 70 24 1
234 10 71 24 1
234 10 72 24 1
234 10 73 24 1
234 10 74 24 1
234 10 75 24 1
194 11 90 24 1
194 11 91 24 1
194 11 92 24 1
194 11 93 24 1
194 11 94 24 1
194 11 95 24 1
194 11 96 24 1
194 11 97 24 1
194 11 98 24 1
95 14 35 2 0
95 14 36 2 0
95 14 37 2 0
95 14 38 2 0
95 14 39 2 0
95 14 40 2 0
95 14 41 2 0
95 14 42 2 0
95 14 43 2 0
95 14 44 2 0
95 14 45 2 0
95 14 46 2 0
95 14 47 2 0
95 14 48 2 0
95 14 49 2 0
95 14 50 2 0
95 14 51 2 0
95 14 52 2 0
95 14 53 2 0
95 14 54 2 0
95 14 55 2 0
95 14 56 2 0
95 14 57 2 0
95 14 58 2 0
95 14 59 2 0
95 14 60 2 0
95 14 61 2 0
95 14 62 2 0
95 14 63 2 0
95 14 64 2 0
95 14 65 2 0
71 14 48 1 0
79 14 49 1 0
65 14 50 1 0
76 14 51 1 0
