186 13 0 0 1
186 13 99 0 1
186 13 0 1 1
186 13 99 1 1
186 13 0 2 1
186 13 99 2 1
186 13 0 3 1
186 13 99 3 1
186 13 0 4 1
186 13 99 4 1
186 13 0 5 1
186 13 99 5 1
186 13 0 6 1
186 13 99 6 1
186 13 0 7 1
186 13 99 7 1
186 13 0 8 1
186 13 99 8 1
186 13 0 9 1
186 13 99 9 1
186 13 0 10 1
186 13 99 10 1
186 13 0 11 1
186 13 99 11 1
186 13 0 12 1
186 13 99 12 1
186 13 0 13 1
186 13 99 13 1
186 13 0 14 1
186 13 99 14 1
186 13 0 15 1
186 13 99 15 1
186 13 0 16 1
186 13 99 16 1
186 13 0 17 1
186 13 99 17 1
186 13 0 18 1
186 13 99 18 1
186 13 0 19 1
186 13 99 19 1
186 13 0 20 1
186 13 99 20 1
186 13 0 21 1
186 13 99 21 1
186 13 0 22 1
186 13 99 22 1
186 13 0 23 1
186 13 99 23 1
186 13 0 24 1
186 13 99 24 1
186 13 0 25 1
186 13 99 25 1
186 13 0 26 1
186 13 99 26 1
186 13 0 27 1
186 13 99 27 1
186 13 0 28 1
186 13 99 28 1
186 13 0 29 1
186 13 99 29 1
205 13 0 0 1
205 13 0 29 1
205 13 1 0 1
205 13 1 29 1
205 13 2 0 1
205 13 2 29 1
205 13 3 0 1
205 13 3 29 1
205 13 4 0 1
205 13 4 29 1
205 13 5 0 1
205 13 5 29 1
205 13 6 0 1
205 13 6 29 1
205 13 7 0 1
205 13 7 29 1
205 13 8 0 1
205 13 8 29 1
205 13 9 0 1
205 13 9 29 1
205 13 10 0 1
205 13 10 29 1
205 13 11 0 1
205 13 11 29 1
205 13 12 0 1
205 13 12 29 1
205 13 13 0 1
205 13 13 29 1
205 13 14 0 1
205 13 14 29 1
205 13 15 0 1
205 13 15 29 1
205 13 16 0 1
205 13 16 29 1
205 13 17 0 1
205 13 17 29 1
205 13 18 0 1
205 13 18 29 1
205 13 19 0 1
205 13 19 29 1
205 13 20 0 1
205 13 20 29 1
205 13 21 0 1
205 13 21 29 1
205 13 22 0 1
205 13 22 29 1
205 13 23 0 1
205 13 23 29 1
205 13 24 0 1
205 13 24 29 1
205 13 25 0 1
205 13 25 29 1
205 13 26 0 1
205 13 26 29 1
205 13 27 0 1
205 13 27 29 1
205 13 28 0 1
205 13 28 29 1
205 13 29 0 1
205 13 29 29 1
205 13 30 0 1
205 13 30 29 1
205 13 31 0 1
205 13 31 29 1
205 13 32 0 1
205 13 32 29 1
205 13 33 0 1
205 13 33 29 1
205 13 34 0 1
205 13 34 29 1
205 13 35 0 1
205 13 35 29 1
205 13 36 0 1
205 13 36 29 1
205 13 37 0 1
205 13 37 29 1
205 13 38 0 1
205 13 38 29 1
205 13 39 0 1
205 13 39 29 1
205 13 40 0 1
205 13 40 29 1
205 13 41 0 1
205 13 41 29 1
205 13 42 0 1
205 13 42 29 1
205 13 43 0 1
205 13 43 29 1
205 13 44 0 1
205 13 44 29 1
205 13 45 0 1
205 13 45 29 1
205 13 46 0 1
205 13 46 29 1
205 13 47 0 1
205 13 47 29 1
205 13 48 0 1
205 13 48 29 1
205 13 49 0 1
205 13 49 29 1
205 13 50 0 1
205 13 50 29 1
205 13 51 0 1
205 13 51 29 1
205 13 52 0 1
205 13 52 29 1
205 13 53 0 1
205 13 53 29 1
205 13 54 0 1
205 13 54 29 1
205 13 55 0 1
205 13 55 29 1
205 13 56 0 1
205 13 56 29 1
205 13 57 0 1
205 13 57 29 1
205 13 58 0 1
205 13 58 29 1
205 13 59 0 1
205 13 59 29 1
205 13 60 0 1
205 13 60 29 1
205 13 61 0 1
205 13 61 29 1
205 13 62 0 1
205 13 62 29 1
205 13 63 0 1
205 13 63 29 1
205 13 64 0 1
205 13 64 29 1
205 13 65 0 1
205 13 65 29 1
205 13 66 0 1
205 13 66 29 1
205 13 67 0 1
205 13 67 29 1
205 13 68 0 1
205 13 68 29 1
205 13 69 0 1
205 13 69 29 1
205 13 70 0 1
205 13 70 29 1
205 13 71 0 1
205 13 71 29 1
205 13 72 0 1
205 13 72 29 1
205 13 73 0 1
205 13 73 29 1
205 13 74 0 1
205 13 74 29 1
205 13 75 0 1
205 13 75 29 1
205 13 76 0 1
205 13 76 29 1
205 13 77 0 1
205 13 77 29 1
205 13 78 0 1
205 13 78 29 1
205 13 79 0 1
205 13 79 29 1
205 13 80 0 1
205 13 80 29 1
205 13 81 0 1
205 13 81 29 1
205 13 82 0 1
205 13 82 29 1
205 13 83 0 1
205 13 83 29 1
205 13 84 0 1
205 13 84 29 1
205 13 85 0 1
205 13 85 29 1
205 13 86 0 1
205 13 86 29 1
205 13 87 0 1
205 13 87 29 1
205 13 88 0 1
205 13 88 29 1
205 13 89 0 1
205 13 89 29 1
205 13 90 0 1
205 13 90 29 1
205 13 91 0 1
205 13 91 29 1
205 13 92 0 1
205 13 92 29 1
205 13 93 0 1
205 13 93 29 1
205 13 94 0 1
205 13 94 29 1
205 13 95 0 1
205 13 95 29 1
205 13 96 0 1
205 13 96 29 1
205 13 97 0 1
205 13 97 29 1
205 13 98 0 1
205 13 98 29 1
205 13 99 0 1
205 13 99 29 1
201 13 0 0 1
200 13 0 29 1
187 13 99 0 1
188 13 99 29 1
234 10 1 26 1
157 6 1 27 1
234 10 3 26 1
157 6 3 27 1
234 10 5 26 1
157 6 5 27 1
234 10 7 26 1
157 6 7 27 1
234 10 9 26 1
157 6 9 27 1
234 10 11 26 1
157 6 11 27 1
234 10 13 26 1
157 6 13 27 1
234 10 15 26 1
157 6 15 27 1
234 10 17 26 1
157 6 17 27 1
234 10 19 26 1
157 6 19 27 1
234 10 40 26 1
157 6 40 27 1
234 10 42 26 1
157 6 42 27 1
234 10 44 26 1
157 6 44 27 1
234 10 46 26 1
157 6 46 27 1
234 10 48 26 1
157 6 48 27 1
234 10 50 26 1
157 6 50 27 1
234 10 52 26 1
157 6 52 27 1
234 10 54 26 1
157 6 54 27 1
234 10 56 26 1
157 6 56 27 1
234 10 58 26 1
157 6 58 27 1
234 10 60 26 1
157 6 60 27 1
234 10 80 26 1
157 6 80 27 1
234 10 82 26 1
157 6 82 27 1
234 10 84 26 1
157 6 84 27 1
234 10 86 26 1
157 6 86 27 1
234 10 88 26 1
157 6 88 27 1
234 10 90 26 1
157 6 90 27 1
234 10 92 26 1
157 6 92 27 1
234 10 94 26 1
157 6 94 27 1
234 10 96 26 1
157 6 96 27 1
234 10 98 26 1
157 6 98 27 1
95 15 1 20 0
95 15 1 10 0
95 15 2 20 0
95 15 2 10 0
95 15 3 20 0
95 15 3 10 0
95 15 4 20 0
95 15 4 10 0
95 15 5 20 0
95 15 5 10 0
95 15 6 20 0
95 15 6 10 0
95 15 7 20 0
95 15 7 10 0
95 15 8 20 0
95 15 8 10 0
95 15 9 20 0
95 15 9 10 0
95 15 10 20 0
95 15 10 10 0
95 15 11 20 0
95 15 11 10 0
95 15 12 20 0
95 15 12 10 0
95 15 13 20 0
95 15 13 10 0
95 15 14 20 0
95 15 14 10 0
95 15 15 20 0
95 15 15 10 0
95 15 16 20 0
95 15 16 10 0
95 15 17 20 0
95 15 17 10 0
95 15 18 20 0
95 15 18 10 0
95 15 19 20 0
95 15 19 10 0
95 15 20 20 0
95 15 20 10 0
95 15 21 20 0
95 15 21 10 0
95 15 22 20 0
95 15 22 10 0
95 15 23 20 0
95 15 23 10 0
95 15 24 20 0
95 15 24 10 0
95 15 25 20 0
95 15 25 10 0
95 15 26 20 0
95 15 26 10 0
95 15 27 20 0
95 15 27 10 0
95 15 28 20 0
95 15 28 10 0
95 15 29 20 0
95 15 29 10 0
95 15 30 20 0
95 15 30 10 0
95 15 31 20 0
95 15 31 10 0
95 15 32 20 0
95 15 32 10 0
95 15 33 20 0
95 15 33 10 0
95 15 34 20 0
95 15 34 10 0
95 15 35 20 0
95 15 35 10 0
95 15 36 20 0
95 15 36 10 0
95 15 37 20 0
95 15 37 10 0
95 15 38 20 0
95 15 38 10 0
95 15 39 20 0
95 15 39 10 0
95 15 40 20 0
95 15 40 10 0
95 15 41 20 0
95 15 41 10 0
95 15 42 20 0
95 15 42 10 0
95 15 43 20 0
95 15 43 10 0
95 15 44 20 0
95 15 44 10 0
95 15 45 20 0
95 15 45 10 0
95 15 46 20 0
95 15 46 10 0
95 15 47 20 0
95 15 47 10 0
95 15 48 20 0
95 15 48 10 0
95 15 49 20 0
95 15 49 10 0
95 15 50 20 0
95 15 50 10 0
95 15 51 20 0
95 15 51 10 0
95 15 52 20 0
95 15 52 10 0
95 15 53 20 0
95 15 53 10 0
95 15 54 20 0
95 15 54 10 0
95 15 55 20 0
95 15 55 10 0
95 15 56 20 0
95 15 56 10 0
95 15 57 20 0
95 15 57 10 0
95 15 58 20 0
95 15 58 10 0
95 15 59 20 0
95 15 59 10 0
95 15 60 20 0
95 15 60 10 0
95 15 61 20 0
95 15 61 10 0
95 15 62 20 0
95 15 62 10 0
95 15 63 20 0
95 15 63 10 0
95 15 64 20 0
95 15 64 10 0
95 15 65 20 0
95 15 65 10 0
95 15 66 20 0
95 15 66 10 0
95 15 67 20 0
95 15 67 10 0
95 15 68 20 0
95 15 68 10 0
95 15 69 20 0
95 15 69 10 0
95 15 70 20 0
95 15 70 10 0
95 15 71 20 0
95 15 71 10 0
95 15 72 20 0
95 15 72 10 0
95 15 73 20 0
95 15 73 10 0
95 15 74 20 0
95 15 74 10 0
95 15 75 20 0
95 15 75 10 0
95 15 76 20 0
95 15 76 10 0
95 15 77 20 0
95 15 77 10 0
95 15 78 20 0
95 15 78 10 0
95 15 79 20 0
95 15 79 10 0
95 15 80 20 0
95 15 80 10 0
95 15 81 20 0
95 15 81 10 0
95 15 82 20 0
95 15 82 10 0
95 15 83 20 0
95 15 83 10 0
95 15 84 20 0
95 15 84 10 0
95 15 85 20 0
95 15 85 10 0
95 15 86 20 0
95 15 86 10 0
95 15 87 20 0
95 15 87 10 0
95 15 88 20 0
95 15 88 10 0
95 15 89 20 0
95 15 89 10 0
95 15 90 20 0
95 15 90 10 0
95 15 91 20 0
95 15 91 10 0
95 15 92 20 0
95 15 92 10 0
95 15 93 20 0
95 15 93 10 0
95 15 94 20 0
95 15 94 10 0
95 15 95 20 0
95 15 95 10 0
95 15 96 20 0
95 15 96 10 0
95 15 97 20 0
95 15 97 10 0
95 15 98 20 0
95 15 98 10 0
254 15 30 18 0
254 15 30 15 0
254 15 30 12 0
254 15 31 18 0
254 15 31 15 0
254 15 31 12 0
254 15 32 18 0
254 15 32 15 0
254 15 32 12 0
254 15 33 18 0
254 15 33 15 0
254 15 33 12 0
254 15 34 18 0
254 15 34 15 0
254 15 34 12 0
254 15 35 18 0
254 15 35 15 0
254 15 35 12 0
254 15 36 18 0
254 15 36 15 0
254 15 36 12 0
254 15 37 18 0
254 15 37 15 0
254 15 37 12 0
254 15 38 18 0
254 15 38 15 0
254 15 38 12 0
254 15 39 18 0
254 15 39 15 0
254 15 39 12 0
254 15 40 18 0
254 15 40 15 0
254 15 40 12 0
254 15 70 18 0
254 15 70 15 0
254 15 70 12 0
254 15 71 18 0
254 15 71 15 0
254 15 71 12 0
254 15 72 18 0
254 15 72 15 0
254 15 72 12 0
254 15 73 18 0
254 15 73 15 0
254 15 73 12 0
254 15 74 18 0
254 15 74 15 0
254 15 74 12 0
254 15 75 18 0
254 15 75 15 0
254 15 75 12 0
254 15 76 18 0
254 15 76 15 0
254 15 76 12 0
254 15 77 18 0
254 15 77 15 0
254 15 77 12 0
254 15 78 18 0
254 15 78 15 0
254 15 78 12 0
254 15 79 18 0
254 15 79 15 0
254 15 79 12 0
254 15 80 18 0
254 15 80 15 0
254 15 80 12 0
167 12 1 2 1
157 6 1 1 1
167 12 3 2 1
157 6 3 1 1
167 12 5 2 1
157 6 5 1 1
167 12 7 2 1
157 6 7 1 1
167 12 9 2 1
157 6 9 1 1
167 12 11 2 1
157 6 11 1 1
167 12 13 2 1
157 6 13 1 1
167 12 15 2 1
157 6 15 1 1
167 12 17 2 1
157 6 17 1 1
167 12 19 2 1
157 6 19 1 1
167 12 80 2 1
157 6 80 1 1
167 12 82 2 1
157 6 82 1 1
167 12 84 2 1
157 6 84 1 1
167 12 86 2 1
157 6 86 1 1
167 12 88 2 1
157 6 88 1 1
167 12 90 2 1
157 6 90 1 1
167 12 92 2 1
157 6 92 1 1
167 12 94 2 1
157 6 94 1 1
167 12 96 2 1
157 6 96 1 1
167 12 98 2 1
157 6 98 1 1
240 11 20 22 1
240 11 21 22 1
240 11 22 22 1
240 11 23 22 1
240 11 24 22 1
240 11 25 22 1
240 11 26 22 1
240 11 27 22 1
240 11 28 22 1
240 11 29 22 1
240 11 30 22 1
240 11 31 22 1
240 11 32 22 1
240 11 33 22 1
240 11 34 22 1
240 11 35 22 1
240 11 36 22 1
240 11 37 22 1
240 11 38 22 1
240 11 39 22 1
240 11 40 22 1
240 11 60 22 1
240 11 61 22 1
240 11 62 22 1
240 11 63 22 1
240 11 64 22 1
240 11 65 22 1
240 11 66 22 1
240 11 67 22 1
240 11 68 22 1
240 11 69 22 1
240 11 70 22 1
240 11 71 22 1
240 11 72 22 1
240 11 73 22 1
240 11 74 22 1
240 11 75 22 1
240 11 76 22 1
240 11 77 22 1
240 11 78 22 1
240 11 79 22 1
240 11 80 22 1
240 11 25 9 1
240 11 26 9 1
240 11 27 9 1
240 11 28 9 1
240 11 29 9 1
240 11 30 9 1
240 11 31 9 1
240 11 32 9 1
240 11 33 9 1
240 11 34 9 1
240 11 35 9 1
240 11 65 9 1
240 11 66 9 1
240 11 67 9 1
240 11 68 9 1
240 11 69 9 1
240 11 70 9 1
240 11 71 9 1
240 11 72 9 1
240 11 73 9 1
240 11 74 9 1
240 11 75 9 1
240 11 10 6 1
240 11 11 6 1
240 11 12 6 1
240 11 13 6 1
240 11 14 6 1
240 11 15 6 1
240 11 16 6 1
240 11 17 6 1
240 11 18 6 1
240 11 19 6 1
240 11 20 6 1
157 6 40 6 1
157 6 42 6 1
157 6 44 6 1
157 6 46 6 1
157 6 48 6 1
157 6 50 6 1
157 6 52 6 1
157 6 54 6 1
157 6 56 6 1
157 6 58 6 1
157 6 60 6 1
232 10 80 6 1
232 10 82 6 1
232 10 84 6 1
232 10 86 6 1
232 10 88 6 1
232 10 90 6 1
95 14 35 2 0
95 14 36 2 0
95 14 37 2 0
95 14 38 2 0
95 14 39 2 0
95 14 40 2 0
95 14 41 2 0
95 14 42 2 0
95 14 43 2 0
95 14 44 2 0
95 14 45 2 0
95 14 46 2 0
95 14 47 2 0
95 14 48 2 0
95 14 49 2 0
95 14 50 2 0
95 14 51 2 0
95 14 52 2 0
95 14 53 2 0
95 14 54 2 0
95 14 55 2 0
95 14 56 2 0
95 14 57 2 0
95 14 58 2 0
95 14 59 2 0
95 14 60 2 0
95 14 61 2 0
95 14 62 2 0
95 14 63 2 0
95 14 64 2 0
95 14 65 2 0
71 14 48 1 0
79 14 49 1 0
65 14 50 1 0
76 14 51 1 0
