186 13 0 0 1
186 13 99 0 1
186 13 0 1 1
186 13 99 1 1
186 13 0 2 1
186 13 99 2 1
186 13 0 3 1
186 13 99 3 1
186 13 0 4 1
186 13 99 4 1
186 13 0 5 1
186 13 99 5 1
186 13 0 6 1
186 13 99 6 1
186 13 0 7 1
186 13 99 7 1
186 13 0 8 1
186 13 99 8 1
186 13 0 9 1
186 13 99 9 1
186 13 0 10 1
186 13 99 10 1
186 13 0 11 1
186 13 99 11 1
186 13 0 12 1
186 13 99 12 1
186 13 0 13 1
186 13 99 13 1
186 13 0 14 1
186 13 99 14 1
186 13 0 15 1
186 13 99 15 1
186 13 0 16 1
186 13 99 16 1
186 13 0 17 1
186 13 99 17 1
186 13 0 18 1
186 13 99 18 1
186 13 0 19 1
186 13 99 19 1
186 13 0 20 1
186 13 99 20 1
186 13 0 21 1
186 13 99 21 1
186 13 0 22 1
186 13 99 22 1
186 13 0 23 1
186 13 99 23 1
186 13 0 24 1
186 13 99 24 1
186 13 0 25 1
186 13 99 25 1
186 13 0 26 1
186 13 99 26 1
186 13 0 27 1
186 13 99 27 1
186 13 0 28 1
186 13 99 28 1
186 13 0 29 1
186 13 99 29 1
205 13 0 0 1
205 13 0 29 1
205 13 1 0 1
205 13 1 29 1
205 13 2 0 1
205 13 2 29 1
205 13 3 0 1
205 13 3 29 1
205 13 4 0 1
205 13 4 29 1
205 13 5 0 1
205 13 5 29 1
205 13 6 0 1
205 13 6 29 1
205 13 7 0 1
205 13 7 29 1
205 13 8 0 1
205 13 8 29 1
205 13 9 0 1
205 13 9 29 1
205 13 10 0 1
205 13 10 29 1
205 13 11 0 1
205 13 11 29 1
205 13 12 0 1
205 13 12 29 1
205 13 13 0 1
205 13 13 29 1
205 13 14 0 1
205 13 14 29 1
205 13 15 0 1
205 13 15 29 1
205 13 16 0 1
205 13 16 29 1
205 13 17 0 1
205 13 17 29 1
205 13 18 0 1
205 13 18 29 1
205 13 19 0 1
205 13 19 29 1
205 13 20 0 1
205 13 20 29 1
205 13 21 0 1
205 13 21 29 1
205 13 22 0 1
205 13 22 29 1
205 13 23 0 1
205 13 23 29 1
205 13 24 0 1
205 13 24 29 1
205 13 25 0 1
205 13 25 29 1
205 13 26 0 1
205 13 26 29 1
205 13 27 0 1
205 13 27 29 1
205 13 28 0 1
205 13 28 29 1
205 13 29 0 1
205 13 29 29 1
205 13 30 0 1
205 13 30 29 1
205 13 31 0 1
205 13 31 29 1
205 13 32 0 1
205 13 32 29 1
205 13 33 0 1
205 13 33 29 1
205 13 34 0 1
205 13 34 29 1
205 13 35 0 1
205 13 35 29 1
205 13 36 0 1
205 13 36 29 1
205 13 37 0 1
205 13 37 29 1
205 13 38 0 1
205 13 38 29 1
205 13 39 0 1
205 13 39 29 1
205 13 40 0 1
205 13 40 29 1
205 13 41 0 1
205 13 41 29 1
205 13 42 0 1
205 13 42 29 1
205 13 43 0 1
205 13 43 29 1
205 13 44 0 1
205 13 44 29 1
205 13 45 0 1
205 13 45 29 1
205 13 46 0 1
205 13 46 29 1
205 13 47 0 1
205 13 47 29 1
205 13 48 0 1
205 13 48 29 1
205 13 49 0 1
205 13 49 29 1
205 13 50 0 1
205 13 50 29 1
205 13 51 0 1
205 13 51 29 1
205 13 52 0 1
205 13 52 29 1
205 13 53 0 1
205 13 53 29 1
205 13 54 0 1
205 13 54 29 1
205 13 55 0 1
205 13 55 29 1
205 13 56 0 1
205 13 56 29 1
205 13 57 0 1
205 13 57 29 1
205 13 58 0 1
205 13 58 29 1
205 13 59 0 1
205 13 59 29 1
205 13 60 0 1
205 13 60 29 1
205 13 61 0 1
205 13 61 29 1
205 13 62 0 1
205 13 62 29 1
205 13 63 0 1
205 13 63 29 1
205 13 64 0 1
205 13 64 29 1
205 13 65 0 1
205 13 65 29 1
205 13 66 0 1
205 13 66 29 1
205 13 67 0 1
205 13 67 29 1
205 13 68 0 1
205 13 68 29 1
205 13 69 0 1
205 13 69 29 1
205 13 70 0 1
205 13 70 29 1
205 13 71 0 1
205 13 71 29 1
205 13 72 0 1
205 13 72 29 1
205 13 73 0 1
205 13 73 29 1
205 13 74 0 1
205 13 74 29 1
205 13 75 0 1
205 13 75 29 1
205 13 76 0 1
205 13 76 29 1
205 13 77 0 1
205 13 77 29 1
205 13 78 0 1
205 13 78 29 1
205 13 79 0 1
205 13 79 29 1
205 13 80 0 1
205 13 80 29 1
205 13 81 0 1
205 13 81 29 1
205 13 82 0 1
205 13 82 29 1
205 13 83 0 1
205 13 83 29 1
205 13 84 0 1
205 13 84 29 1
205 13 85 0 1
205 13 85 29 1
205 13 86 0 1
205 13 86 29 1
205 13 87 0 1
205 13 87 29 1
205 13 88 0 1
205 13 88 29 1
205 13 89 0 1
205 13 89 29 1
205 13 90 0 1
205 13 90 29 1
205 13 91 0 1
205 13 91 29 1
205 13 92 0 1
205 13 92 29 1
205 13 93 0 1
205 13 93 29 1
205 13 94 0 1
205 13 94 29 1
205 13 95 0 1
205 13 95 29 1
205 13 96 0 1
205 13 96 29 1
205 13 97 0 1
205 13 97 29 1
205 13 98 0 1
205 13 98 29 1
205 13 99 0 1
205 13 99 29 1
201 13 0 0 1
200 13 0 29 1
187 13 99 0 1
188 13 99 29 1
167 12 1 26 1
157 6 1 27 1
167 12 3 26 1
157 6 3 27 1
167 12 5 26 1
157 6 5 27 1
167 12 7 26 1
157 6 7 27 1
167 12 9 26 1
157 6 9 27 1
167 12 11 26 1
157 6 11 27 1
167 12 13 26 1
157 6 13 27 1
167 12 15 26 1
157 6 15 27 1
167 12 17 26 1
157 6 17 27 1
167 12 19 26 1
157 6 19 27 1
232 10 40 26 1
157 6 40 27 1
232 10 42 26 1
157 6 42 27 1
232 10 44 26 1
157 6 44 27 1
232 10 46 26 1
157 6 46 27 1
232 10 48 26 1
157 6 48 27 1
232 10 50 26 1
157 6 50 27 1
232 10 52 26 1
157 6 52 27 1
232 10 54 26 1
157 6 54 27 1
232 10 56 26 1
157 6 56 27 1
232 10 58 26 1
157 6 58 27 1
232 10 60 26 1
157 6 60 27 1
167 12 80 26 1
157 6 80 27 1
167 12 82 26 1
157 6 82 27 1
167 12 84 26 1
157 6 84 27 1
167 12 86 26 1
157 6 86 27 1
167 12 88 26 1
157 6 88 27 1
167 12 90 26 1
157 6 90 27 1
167 12 92 26 1
157 6 92 27 1
167 12 94 26 1
157 6 94 27 1
167 12 96 26 1
157 6 96 27 1
167 12 98 26 1
157 6 98 27 1
95 15 1 21 0
95 15 1 10 0
95 15 1 4 0
95 15 2 21 0
95 15 2 10 0
95 15 2 4 0
95 15 3 21 0
95 15 3 10 0
95 15 3 4 0
95 15 4 21 0
95 15 4 10 0
95 15 4 4 0
95 15 5 21 0
95 15 5 10 0
95 15 5 4 0
95 15 6 21 0
95 15 6 10 0
95 15 6 4 0
95 15 7 21 0
95 15 7 10 0
95 15 7 4 0
95 15 8 21 0
95 15 8 10 0
95 15 8 4 0
95 15 9 21 0
95 15 9 10 0
95 15 9 4 0
95 15 10 21 0
95 15 10 10 0
95 15 10 4 0
95 15 11 21 0
95 15 11 10 0
95 15 11 4 0
95 15 12 21 0
95 15 12 10 0
95 15 12 4 0
95 15 13 21 0
95 15 13 10 0
95 15 13 4 0
95 15 14 21 0
95 15 14 10 0
95 15 14 4 0
95 15 15 21 0
95 15 15 10 0
95 15 15 4 0
95 15 16 21 0
95 15 16 10 0
95 15 16 4 0
95 15 17 21 0
95 15 17 10 0
95 15 17 4 0
95 15 18 21 0
95 15 18 10 0
95 15 18 4 0
95 15 19 21 0
95 15 19 10 0
95 15 19 4 0
95 15 20 21 0
95 15 20 10 0
95 15 20 4 0
95 15 21 21 0
95 15 21 10 0
95 15 21 4 0
95 15 22 21 0
95 15 22 10 0
95 15 22 4 0
95 15 23 21 0
95 15 23 10 0
95 15 23 4 0
95 15 24 21 0
95 15 24 10 0
95 15 24 4 0
95 15 25 21 0
95 15 25 10 0
95 15 25 4 0
95 15 26 21 0
95 15 26 10 0
95 15 26 4 0
95 15 27 21 0
95 15 27 10 0
95 15 27 4 0
95 15 28 21 0
95 15 28 10 0
95 15 28 4 0
95 15 29 21 0
95 15 29 10 0
95 15 29 4 0
95 15 30 21 0
95 15 30 10 0
95 15 30 4 0
95 15 31 21 0
95 15 31 10 0
95 15 31 4 0
95 15 32 21 0
95 15 32 10 0
95 15 32 4 0
95 15 33 21 0
95 15 33 10 0
95 15 33 4 0
95 15 34 21 0
95 15 34 10 0
95 15 34 4 0
95 15 35 21 0
95 15 35 10 0
95 15 35 4 0
95 15 36 21 0
95 15 36 10 0
95 15 36 4 0
95 15 37 21 0
95 15 37 10 0
95 15 37 4 0
95 15 38 21 0
95 15 38 10 0
95 15 38 4 0
95 15 39 21 0
95 15 39 10 0
95 15 39 4 0
95 15 40 21 0
95 15 40 10 0
95 15 40 4 0
95 15 41 21 0
95 15 41 10 0
95 15 41 4 0
95 15 42 21 0
95 15 42 10 0
95 15 42 4 0
95 15 43 21 0
95 15 43 10 0
95 15 43 4 0
95 15 44 21 0
95 15 44 10 0
95 15 44 4 0
95 15 45 21 0
95 15 45 10 0
95 15 45 4 0
95 15 46 21 0
95 15 46 10 0
95 15 46 4 0
95 15 47 21 0
95 15 47 10 0
95 15 47 4 0
95 15 48 21 0
95 15 48 10 0
95 15 48 4 0
95 15 49 21 0
95 15 49 10 0
95 15 49 4 0
95 15 50 21 0
95 15 50 10 0
95 15 50 4 0
95 15 51 21 0
95 15 51 10 0
95 15 51 4 0
95 15 52 21 0
95 15 52 10 0
95 15 52 4 0
95 15 53 21 0
95 15 53 10 0
95 15 53 4 0
95 15 54 21 0
95 15 54 10 0
95 15 54 4 0
95 15 55 21 0
95 15 55 10 0
95 15 55 4 0
95 15 56 21 0
95 15 56 10 0
95 15 56 4 0
95 15 57 21 0
95 15 57 10 0
95 15 57 4 0
95 15 58 21 0
95 15 58 10 0
95 15 58 4 0
95 15 59 21 0
95 15 59 10 0
95 15 59 4 0
95 15 60 21 0
95 15 60 10 0
95 15 60 4 0
95 15 61 21 0
95 15 61 10 0
95 15 61 4 0
95 15 62 21 0
95 15 62 10 0
95 15 62 4 0
95 15 63 21 0
95 15 63 10 0
95 15 63 4 0
95 15 64 21 0
95 15 64 10 0
95 15 64 4 0
95 15 65 21 0
95 15 65 10 0
95 15 65 4 0
95 15 66 21 0
95 15 66 10 0
95 15 66 4 0
95 15 67 21 0
95 15 67 10 0
95 15 67 4 0
95 15 68 21 0
95 15 68 10 0
95 15 68 4 0
95 15 69 21 0
95 15 69 10 0
95 15 69 4 0
95 15 70 21 0
95 15 70 10 0
95 15 70 4 0
95 15 71 21 0
95 15 71 10 0
95 15 71 4 0
95 15 72 21 0
95 15 72 10 0
95 15 72 4 0
95 15 73 21 0
95 15 73 10 0
95 15 73 4 0
95 15 74 21 0
95 15 74 10 0
95 15 74 4 0
95 15 75 21 0
95 15 75 10 0
95 15 75 4 0
95 15 76 21 0
95 15 76 10 0
95 15 76 4 0
95 15 77 21 0
95 15 77 10 0
95 15 77 4 0
95 15 78 21 0
95 15 78 10 0
95 15 78 4 0
95 15 79 21 0
95 15 79 10 0
95 15 79 4 0
95 15 80 21 0
95 15 80 10 0
95 15 80 4 0
95 15 81 21 0
95 15 81 10 0
95 15 81 4 0
95 15 82 21 0
95 15 82 10 0
95 15 82 4 0
95 15 83 21 0
95 15 83 10 0
95 15 83 4 0
95 15 84 21 0
95 15 84 10 0
95 15 84 4 0
95 15 85 21 0
95 15 85 10 0
95 15 85 4 0
95 15 86 21 0
95 15 86 10 0
95 15 86 4 0
95 15 87 21 0
95 15 87 10 0
95 15 87 4 0
95 15 88 21 0
95 15 88 10 0
95 15 88 4 0
95 15 89 21 0
95 15 89 10 0
95 15 89 4 0
95 15 90 21 0
95 15 90 10 0
95 15 90 4 0
95 15 91 21 0
95 15 91 10 0
95 15 91 4 0
95 15 92 21 0
95 15 92 10 0
95 15 92 4 0
95 15 93 21 0
95 15 93 10 0
95 15 93 4 0
95 15 94 21 0
95 15 94 10 0
95 15 94 4 0
95 15 95 21 0
95 15 95 10 0
95 15 95 4 0
95 15 96 21 0
95 15 96 10 0
95 15 96 4 0
95 15 97 21 0
95 15 97 10 0
95 15 97 4 0
95 15 98 21 0
95 15 98 10 0
95 15 98 4 0
254 15 25 9 0
254 15 25 7 0
254 15 25 5 0
254 15 26 9 0
254 15 26 7 0
254 15 26 5 0
254 15 27 9 0
254 15 27 7 0
254 15 27 5 0
254 15 28 9 0
254 15 28 7 0
254 15 28 5 0
254 15 29 9 0
254 15 29 7 0
254 15 29 5 0
254 15 30 9 0
254 15 30 7 0
254 15 30 5 0
254 15 31 9 0
254 15 31 7 0
254 15 31 5 0
254 15 32 9 0
254 15 32 7 0
254 15 32 5 0
254 15 33 9 0
254 15 33 7 0
254 15 33 5 0
254 15 34 9 0
254 15 34 7 0
254 15 34 5 0
254 15 35 9 0
254 15 35 7 0
254 15 35 5 0
254 15 65 9 0
254 15 65 7 0
254 15 65 5 0
254 15 66 9 0
254 15 66 7 0
254 15 66 5 0
254 15 67 9 0
254 15 67 7 0
254 15 67 5 0
254 15 68 9 0
254 15 68 7 0
254 15 68 5 0
254 15 69 9 0
254 15 69 7 0
254 15 69 5 0
254 15 70 9 0
254 15 70 7 0
254 15 70 5 0
254 15 71 9 0
254 15 71 7 0
254 15 71 5 0
254 15 72 9 0
254 15 72 7 0
254 15 72 5 0
254 15 73 9 0
254 15 73 7 0
254 15 73 5 0
254 15 74 9 0
254 15 74 7 0
254 15 74 5 0
254 15 75 9 0
254 15 75 7 0
254 15 75 5 0
167 12 10 2 1
157 6 10 1 1
167 12 12 2 1
157 6 12 1 1
167 12 14 2 1
157 6 14 1 1
167 12 16 2 1
157 6 16 1 1
167 12 18 2 1
157 6 18 1 1
167 12 20 2 1
157 6 20 1 1
167 12 22 2 1
157 6 22 1 1
167 12 24 2 1
157 6 24 1 1
167 12 26 2 1
157 6 26 1 1
167 12 28 2 1
157 6 28 1 1
167 12 30 2 1
157 6 30 1 1
167 12 32 2 1
157 6 32 1 1
167 12 68 2 1
157 6 68 1 1
167 12 70 2 1
157 6 70 1 1
167 12 72 2 1
157 6 72 1 1
167 12 74 2 1
157 6 74 1 1
167 12 76 2 1
157 6 76 1 1
167 12 78 2 1
157 6 78 1 1
167 12 80 2 1
157 6 80 1 1
167 12 82 2 1
157 6 82 1 1
167 12 84 2 1
157 6 84 1 1
167 12 86 2 1
157 6 86 1 1
167 12 88 2 1
157 6 88 1 1
167 12 90 2 1
157 6 90 1 1
247 9 1 20 1
247 9 1 19 1
247 9 1 18 1
247 9 1 17 1
247 9 1 16 1
247 9 1 15 1
247 9 1 14 1
247 9 1 13 1
247 9 1 12 1
247 9 1 11 1
247 9 5 20 1
247 9 5 19 1
247 9 5 18 1
247 9 5 17 1
247 9 5 16 1
247 9 5 15 1
247 9 5 14 1
247 9 5 13 1
247 9 5 12 1
247 9 5 11 1
247 9 9 20 1
247 9 9 19 1
247 9 9 18 1
247 9 9 17 1
247 9 9 16 1
247 9 9 15 1
247 9 9 14 1
247 9 9 13 1
247 9 9 12 1
247 9 9 11 1
247 9 13 20 1
247 9 13 19 1
247 9 13 18 1
247 9 13 17 1
247 9 13 16 1
247 9 13 15 1
247 9 13 14 1
247 9 13 13 1
247 9 13 12 1
247 9 13 11 1
247 9 17 20 1
247 9 17 19 1
247 9 17 18 1
247 9 17 17 1
247 9 17 16 1
247 9 17 15 1
247 9 17 14 1
247 9 17 13 1
247 9 17 12 1
247 9 17 11 1
247 9 21 20 1
247 9 21 19 1
247 9 21 18 1
247 9 21 17 1
247 9 21 16 1
247 9 21 15 1
247 9 21 14 1
247 9 21 13 1
247 9 21 12 1
247 9 21 11 1
247 9 25 20 1
247 9 25 19 1
247 9 25 18 1
247 9 25 17 1
247 9 25 16 1
247 9 25 15 1
247 9 25 14 1
247 9 25 13 1
247 9 25 12 1
247 9 25 11 1
247 9 29 20 1
247 9 29 19 1
247 9 29 18 1
247 9 29 17 1
247 9 29 16 1
247 9 29 15 1
247 9 29 14 1
247 9 29 13 1
247 9 29 12 1
247 9 29 11 1
247 9 33 20 1
247 9 33 19 1
247 9 33 18 1
247 9 33 17 1
247 9 33 16 1
247 9 33 15 1
247 9 33 14 1
247 9 33 13 1
247 9 33 12 1
247 9 33 11 1
247 9 37 20 1
247 9 37 19 1
247 9 37 18 1
247 9 37 17 1
247 9 37 16 1
247 9 37 15 1
247 9 37 14 1
247 9 37 13 1
247 9 37 12 1
247 9 37 11 1
247 9 41 20 1
247 9 41 19 1
247 9 41 18 1
247 9 41 17 1
247 9 41 16 1
247 9 41 15 1
247 9 41 14 1
247 9 41 13 1
247 9 41 12 1
247 9 41 11 1
247 9 45 20 1
247 9 45 19 1
247 9 45 18 1
247 9 45 17 1
247 9 45 16 1
247 9 45 15 1
247 9 45 14 1
247 9 45 13 1
247 9 45 12 1
247 9 45 11 1
247 9 49 20 1
247 9 49 19 1
247 9 49 18 1
247 9 49 17 1
247 9 49 16 1
247 9 49 15 1
247 9 49 14 1
247 9 49 13 1
247 9 49 12 1
247 9 49 11 1
247 9 53 20 1
247 9 53 19 1
247 9 53 18 1
247 9 53 17 1
247 9 53 16 1
247 9 53 15 1
247 9 53 14 1
247 9 53 13 1
247 9 53 12 1
247 9 53 11 1
247 9 57 20 1
247 9 57 19 1
247 9 57 18 1
247 9 57 17 1
247 9 57 16 1
247 9 57 15 1
247 9 57 14 1
247 9 57 13 1
247 9 57 12 1
247 9 57 11 1
247 9 61 20 1
247 9 61 19 1
247 9 61 18 1
247 9 61 17 1
247 9 61 16 1
247 9 61 15 1
247 9 61 14 1
247 9 61 13 1
247 9 61 12 1
247 9 61 11 1
247 9 65 20 1
247 9 65 19 1
247 9 65 18 1
247 9 65 17 1
247 9 65 16 1
247 9 65 15 1
247 9 65 14 1
247 9 65 13 1
247 9 65 12 1
247 9 65 11 1
247 9 69 20 1
247 9 69 19 1
247 9 69 18 1
247 9 69 17 1
247 9 69 16 1
247 9 69 15 1
247 9 69 14 1
247 9 69 13 1
247 9 69 12 1
247 9 69 11 1
247 9 73 20 1
247 9 73 19 1
247 9 73 18 1
247 9 73 17 1
247 9 73 16 1
247 9 73 15 1
247 9 73 14 1
247 9 73 13 1
247 9 73 12 1
247 9 73 11 1
247 9 77 20 1
247 9 77 19 1
247 9 77 18 1
247 9 77 17 1
247 9 77 16 1
247 9 77 15 1
247 9 77 14 1
247 9 77 13 1
247 9 77 12 1
247 9 77 11 1
247 9 81 20 1
247 9 81 19 1
247 9 81 18 1
247 9 81 17 1
247 9 81 16 1
247 9 81 15 1
247 9 81 14 1
247 9 81 13 1
247 9 81 12 1
247 9 81 11 1
247 9 85 20 1
247 9 85 19 1
247 9 85 18 1
247 9 85 17 1
247 9 85 16 1
247 9 85 15 1
247 9 85 14 1
247 9 85 13 1
247 9 85 12 1
247 9 85 11 1
247 9 89 20 1
247 9 89 19 1
247 9 89 18 1
247 9 89 17 1
247 9 89 16 1
247 9 89 15 1
247 9 89 14 1
247 9 89 13 1
247 9 89 12 1
247 9 89 11 1
247 9 93 20 1
247 9 93 19 1
247 9 93 18 1
247 9 93 17 1
247 9 93 16 1
247 9 93 15 1
247 9 93 14 1
247 9 93 13 1
247 9 93 12 1
247 9 93 11 1
247 9 97 20 1
247 9 97 19 1
247 9 97 18 1
247 9 97 17 1
247 9 97 16 1
247 9 97 15 1
247 9 97 14 1
247 9 97 13 1
247 9 97 12 1
247 9 97 11 1
234 10 1 24 1
234 10 2 24 1
234 10 3 24 1
234 10 4 24 1
234 10 5 24 1
234 10 6 24 1
234 10 7 24 1
234 10 8 24 1
234 10 9 24 1
234 10 10 24 1
234 10 11 24 1
234 10 12 24 1
234 10 13 24 1
234 10 14 24 1
234 10 15 24 1
234 10 16 24 1
234 10 17 24 1
234 10 18 24 1
234 10 19 24 1
234 10 20 24 1
194 11 35 24 1
194 11 36 24 1
194 11 37 24 1
194 11 38 24 1
194 11 39 24 1
194 11 40 24 1
194 11 41 24 1
194 11 42 24 1
194 11 43 24 1
194 11 44 24 1
194 11 45 24 1
194 11 46 24 1
194 11 47 24 1
194 11 48 24 1
194 11 49 24 1
194 11 50 24 1
194 11 51 24 1
194 11 52 24 1
194 11 53 24 1
194 11 54 24 1
194 11 55 24 1
234 10 70 24 1
234 10 71 24 1
234 10 72 24 1
234 10 73 24 1
234 10 74 24 1
234 10 75 24 1
234 10 76 24 1
234 10 77 24 1
234 10 78 24 1
234 10 79 24 1
234 10 80 24 1
234 10 81 24 1
234 10 82 24 1
234 10 83 24 1
234 10 84 24 1
234 10 85 24 1
234 10 86 24 1
234 10 87 24 1
234 10 88 24 1
234 10 89 24 1
234 10 90 24 1
194 11 20 22 1
194 11 21 22 1
194 11 22 22 1
194 11 23 22 1
194 11 24 22 1
194 11 25 22 1
194 11 26 22 1
194 11 27 22 1
194 11 28 22 1
194 11 29 22 1
194 11 30 22 1
194 11 31 22 1
194 11 32 22 1
194 11 33 22 1
194 11 34 22 1
194 11 35 22 1
194 11 36 22 1
194 11 37 22 1
194 11 38 22 1
194 11 39 22 1
194 11 40 22 1
234 10 55 22 1
234 10 56 22 1
234 10 57 22 1
234 10 58 22 1
234 10 59 22 1
234 10 60 22 1
234 10 61 22 1
234 10 62 22 1
234 10 63 22 1
234 10 64 22 1
234 10 65 22 1
234 10 66 22 1
234 10 67 22 1
234 10 68 22 1
234 10 69 22 1
234 10 70 22 1
234 10 71 22 1
234 10 72 22 1
234 10 73 22 1
234 10 74 22 1
234 10 75 22 1
194 11 90 22 1
194 11 91 22 1
194 11 92 22 1
194 11 93 22 1
194 11 94 22 1
194 11 95 22 1
194 11 96 22 1
194 11 97 22 1
194 11 98 22 1
235 12 45 3 1
235 12 46 3 1
235 12 47 3 1
235 12 48 3 1
235 12 49 3 1
235 12 50 3 1
235 12 51 3 1
235 12 52 3 1
235 12 53 3 1
235 12 54 3 1
235 12 55 3 1
95 14 35 2 0
95 14 36 2 0
95 14 37 2 0
95 14 38 2 0
95 14 39 2 0
95 14 40 2 0
95 14 41 2 0
95 14 42 2 0
95 14 43 2 0
95 14 44 2 0
95 14 45 2 0
95 14 46 2 0
95 14 47 2 0
95 14 48 2 0
95 14 49 2 0
95 14 50 2 0
95 14 51 2 0
95 14 52 2 0
95 14 53 2 0
95 14 54 2 0
95 14 55 2 0
95 14 56 2 0
95 14 57 2 0
95 14 58 2 0
95 14 59 2 0
95 14 60 2 0
95 14 61 2 0
95 14 62 2 0
95 14 63 2 0
95 14 64 2 0
95 14 65 2 0
71 14 48 1 0
79 14 49 1 0
65 14 50 1 0
76 14 51 1 0
