186 13 0 0 1
186 13 99 0 1
186 13 0 1 1
186 13 99 1 1
186 13 0 2 1
186 13 99 2 1
186 13 0 3 1
186 13 99 3 1
186 13 0 4 1
186 13 99 4 1
186 13 0 5 1
186 13 99 5 1
186 13 0 6 1
186 13 99 6 1
186 13 0 7 1
186 13 99 7 1
186 13 0 8 1
186 13 99 8 1
186 13 0 9 1
186 13 99 9 1
186 13 0 10 1
186 13 99 10 1
186 13 0 11 1
186 13 99 11 1
186 13 0 12 1
186 13 99 12 1
186 13 0 13 1
186 13 99 13 1
186 13 0 14 1
186 13 99 14 1
186 13 0 15 1
186 13 99 15 1
186 13 0 16 1
186 13 99 16 1
186 13 0 17 1
186 13 99 17 1
186 13 0 18 1
186 13 99 18 1
186 13 0 19 1
186 13 99 19 1
186 13 0 20 1
186 13 99 20 1
186 13 0 21 1
186 13 99 21 1
186 13 0 22 1
186 13 99 22 1
186 13 0 23 1
186 13 99 23 1
186 13 0 24 1
186 13 99 24 1
186 13 0 25 1
186 13 99 25 1
186 13 0 26 1
186 13 99 26 1
186 13 0 27 1
186 13 99 27 1
186 13 0 28 1
186 13 99 28 1
186 13 0 29 1
186 13 99 29 1
205 13 0 0 1
205 13 0 29 1
205 13 1 0 1
205 13 1 29 1
205 13 2 0 1
205 13 2 29 1
205 13 3 0 1
205 13 3 29 1
205 13 4 0 1
205 13 4 29 1
205 13 5 0 1
205 13 5 29 1
205 13 6 0 1
205 13 6 29 1
205 13 7 0 1
205 13 7 29 1
205 13 8 0 1
205 13 8 29 1
205 13 9 0 1
205 13 9 29 1
205 13 10 0 1
205 13 10 29 1
205 13 11 0 1
205 13 11 29 1
205 13 12 0 1
205 13 12 29 1
205 13 13 0 1
205 13 13 29 1
205 13 14 0 1
205 13 14 29 1
205 13 15 0 1
205 13 15 29 1
205 13 16 0 1
205 13 16 29 1
205 13 17 0 1
205 13 17 29 1
205 13 18 0 1
205 13 18 29 1
205 13 19 0 1
205 13 19 29 1
205 13 20 0 1
205 13 20 29 1
205 13 21 0 1
205 13 21 29 1
205 13 22 0 1
205 13 22 29 1
205 13 23 0 1
205 13 23 29 1
205 13 24 0 1
205 13 24 29 1
205 13 25 0 1
205 13 25 29 1
205 13 26 0 1
205 13 26 29 1
205 13 27 0 1
205 13 27 29 1
205 13 28 0 1
205 13 28 29 1
205 13 29 0 1
205 13 29 29 1
205 13 30 0 1
205 13 30 29 1
205 13 31 0 1
205 13 31 29 1
205 13 32 0 1
205 13 32 29 1
205 13 33 0 1
205 13 33 29 1
205 13 34 0 1
205 13 34 29 1
205 13 35 0 1
205 13 35 29 1
205 13 36 0 1
205 13 36 29 1
205 13 37 0 1
205 13 37 29 1
205 13 38 0 1
205 13 38 29 1
205 13 39 0 1
205 13 39 29 1
205 13 40 0 1
205 13 40 29 1
205 13 41 0 1
205 13 41 29 1
205 13 42 0 1
205 13 42 29 1
205 13 43 0 1
205 13 43 29 1
205 13 44 0 1
205 13 44 29 1
205 13 45 0 1
205 13 45 29 1
205 13 46 0 1
205 13 46 29 1
205 13 47 0 1
205 13 47 29 1
205 13 48 0 1
205 13 48 29 1
205 13 49 0 1
205 13 49 29 1
205 13 50 0 1
205 13 50 29 1
205 13 51 0 1
205 13 51 29 1
205 13 52 0 1
205 13 52 29 1
205 13 53 0 1
205 13 53 29 1
205 13 54 0 1
205 13 54 29 1
205 13 55 0 1
205 13 55 29 1
205 13 56 0 1
205 13 56 29 1
205 13 57 0 1
205 13 57 29 1
205 13 58 0 1
205 13 58 29 1
205 13 59 0 1
205 13 59 29 1
205 13 60 0 1
205 13 60 29 1
205 13 61 0 1
205 13 61 29 1
205 13 62 0 1
205 13 62 29 1
205 13 63 0 1
205 13 63 29 1
205 13 64 0 1
205 13 64 29 1
205 13 65 0 1
205 13 65 29 1
205 13 66 0 1
205 13 66 29 1
205 13 67 0 1
205 13 67 29 1
205 13 68 0 1
205 13 68 29 1
205 13 69 0 1
205 13 69 29 1
205 13 70 0 1
205 13 70 29 1
205 13 71 0 1
205 13 71 29 1
205 13 72 0 1
205 13 72 29 1
205 13 73 0 1
205 13 73 29 1
205 13 74 0 1
205 13 74 29 1
205 13 75 0 1
205 13 75 29 1
205 13 76 0 1
205 13 76 29 1
205 13 77 0 1
205 13 77 29 1
205 13 78 0 1
205 13 78 29 1
205 13 79 0 1
205 13 79 29 1
205 13 80 0 1
205 13 80 29 1
205 13 81 0 1
205 13 81 29 1
205 13 82 0 1
205 13 82 29 1
205 13 83 0 1
205 13 83 29 1
205 13 84 0 1
205 13 84 29 1
205 13 85 0 1
205 13 85 29 1
205 13 86 0 1
205 13 86 29 1
205 13 87 0 1
205 13 87 29 1
205 13 88 0 1
205 13 88 29 1
205 13 89 0 1
205 13 89 29 1
205 13 90 0 1
205 13 90 29 1
205 13 91 0 1
205 13 91 29 1
205 13 92 0 1
205 13 92 29 1
205 13 93 0 1
205 13 93 29 1
205 13 94 0 1
205 13 94 29 1
205 13 95 0 1
205 13 95 29 1
205 13 96 0 1
205 13 96 29 1
205 13 97 0 1
205 13 97 29 1
205 13 98 0 1
205 13 98 29 1
205 13 99 0 1
205 13 99 29 1
201 13 0 0 1
200 13 0 29 1
187 13 99 0 1
188 13 99 29 1
145 12 1 26 1
157 6 1 27 1
145 12 3 26 1
157 6 3 27 1
145 12 5 26 1
157 6 5 27 1
145 12 7 26 1
157 6 7 27 1
145 12 9 26 1
157 6 9 27 1
145 12 11 26 1
157 6 11 27 1
145 12 13 26 1
157 6 13 27 1
145 12 15 26 1
157 6 15 27 1
145 12 17 26 1
157 6 17 27 1
145 12 19 26 1
157 6 19 27 1
237 10 40 26 1
157 6 40 27 1
237 10 42 26 1
157 6 42 27 1
237 10 44 26 1
157 6 44 27 1
237 10 46 26 1
157 6 46 27 1
237 10 48 26 1
157 6 48 27 1
237 10 50 26 1
157 6 50 27 1
237 10 52 26 1
157 6 52 27 1
237 10 54 26 1
157 6 54 27 1
237 10 56 26 1
157 6 56 27 1
237 10 58 26 1
157 6 58 27 1
237 10 60 26 1
157 6 60 27 1
145 12 80 26 1
157 6 80 27 1
145 12 82 26 1
157 6 82 27 1
145 12 84 26 1
157 6 84 27 1
145 12 86 26 1
157 6 86 27 1
145 12 88 26 1
157 6 88 27 1
145 12 90 26 1
157 6 90 27 1
145 12 92 26 1
157 6 92 27 1
145 12 94 26 1
157 6 94 27 1
145 12 96 26 1
157 6 96 27 1
145 12 98 26 1
157 6 98 27 1
225 10 1 2 1
157 6 1 1 1
225 10 3 2 1
157 6 3 1 1
225 10 5 2 1
157 6 5 1 1
225 10 7 2 1
157 6 7 1 1
225 10 9 2 1
157 6 9 1 1
225 10 11 2 1
157 6 11 1 1
225 10 13 2 1
157 6 13 1 1
225 10 15 2 1
157 6 15 1 1
225 10 17 2 1
157 6 17 1 1
225 10 19 2 1
157 6 19 1 1
225 10 21 2 1
157 6 21 1 1
225 10 23 2 1
157 6 23 1 1
225 10 25 2 1
157 6 25 1 1
225 10 27 2 1
157 6 27 1 1
225 10 29 2 1
157 6 29 1 1
225 10 31 2 1
157 6 31 1 1
225 10 33 2 1
157 6 33 1 1
225 10 67 2 1
157 6 67 1 1
225 10 69 2 1
157 6 69 1 1
225 10 71 2 1
157 6 71 1 1
225 10 73 2 1
157 6 73 1 1
225 10 75 2 1
157 6 75 1 1
225 10 77 2 1
157 6 77 1 1
225 10 79 2 1
157 6 79 1 1
225 10 81 2 1
157 6 81 1 1
225 10 83 2 1
157 6 83 1 1
225 10 85 2 1
157 6 85 1 1
225 10 87 2 1
157 6 87 1 1
225 10 89 2 1
157 6 89 1 1
225 10 91 2 1
157 6 91 1 1
225 10 93 2 1
157 6 93 1 1
225 10 95 2 1
157 6 95 1 1
225 10 97 2 1
157 6 97 1 1
95 15 1 23 0
95 15 1 8 0
227 7 1 6 0
95 15 2 23 0
95 15 2 8 0
227 7 2 6 0
95 15 3 23 0
95 15 3 8 0
227 7 3 6 0
95 15 4 23 0
95 15 4 8 0
227 7 4 6 0
95 15 5 23 0
95 15 5 8 0
227 7 5 6 0
95 15 6 23 0
95 15 6 8 0
227 7 6 6 0
95 15 7 23 0
95 15 7 8 0
227 7 7 6 0
95 15 8 23 0
95 15 8 8 0
227 7 8 6 0
95 15 9 23 0
95 15 9 8 0
227 7 9 6 0
95 15 10 23 0
95 15 10 8 0
227 7 10 6 0
95 15 11 23 0
95 15 11 8 0
227 7 11 6 0
95 15 12 23 0
95 15 12 8 0
227 7 12 6 0
95 15 13 23 0
95 15 13 8 0
227 7 13 6 0
95 15 14 23 0
95 15 14 8 0
227 7 14 6 0
95 15 15 23 0
95 15 15 8 0
227 7 15 6 0
95 15 16 23 0
95 15 16 8 0
227 7 16 6 0
95 15 17 23 0
95 15 17 8 0
227 7 17 6 0
95 15 18 23 0
95 15 18 8 0
227 7 18 6 0
95 15 19 23 0
95 15 19 8 0
227 7 19 6 0
95 15 20 23 0
95 15 20 8 0
227 7 20 6 0
95 15 21 23 0
95 15 21 8 0
227 7 21 6 0
95 15 22 23 0
95 15 22 8 0
227 7 22 6 0
95 15 23 23 0
95 15 23 8 0
227 7 23 6 0
95 15 24 23 0
95 15 24 8 0
227 7 24 6 0
95 15 25 23 0
95 15 25 8 0
227 7 25 6 0
95 15 26 23 0
95 15 26 8 0
227 7 26 6 0
95 15 27 23 0
95 15 27 8 0
227 7 27 6 0
95 15 28 23 0
95 15 28 8 0
227 7 28 6 0
95 15 29 23 0
95 15 29 8 0
227 7 29 6 0
95 15 30 23 0
95 15 30 8 0
227 7 30 6 0
95 15 31 23 0
95 15 31 8 0
227 7 31 6 0
95 15 32 23 0
95 15 32 8 0
227 7 32 6 0
95 15 33 23 0
95 15 33 8 0
227 7 33 6 0
95 15 34 23 0
95 15 34 8 0
227 7 34 6 0
95 15 35 23 0
95 15 35 8 0
227 7 35 6 0
95 15 36 23 0
95 15 36 8 0
227 7 36 6 0
95 15 37 23 0
95 15 37 8 0
227 7 37 6 0
95 15 38 23 0
95 15 38 8 0
227 7 38 6 0
95 15 39 23 0
95 15 39 8 0
227 7 39 6 0
95 15 40 23 0
95 15 40 8 0
227 7 40 6 0
95 15 41 23 0
95 15 41 8 0
227 7 41 6 0
95 15 42 23 0
95 15 42 8 0
227 7 42 6 0
95 15 43 23 0
95 15 43 8 0
227 7 43 6 0
95 15 44 23 0
95 15 44 8 0
227 7 44 6 0
95 15 45 23 0
95 15 45 8 0
227 7 45 6 0
95 15 46 23 0
95 15 46 8 0
227 7 46 6 0
95 15 47 23 0
95 15 47 8 0
227 7 47 6 0
95 15 48 23 0
95 15 48 8 0
227 7 48 6 0
95 15 49 23 0
95 15 49 8 0
227 7 49 6 0
95 15 50 23 0
95 15 50 8 0
227 7 50 6 0
95 15 51 23 0
95 15 51 8 0
227 7 51 6 0
95 15 52 23 0
95 15 52 8 0
227 7 52 6 0
95 15 53 23 0
95 15 53 8 0
227 7 53 6 0
95 15 54 23 0
95 15 54 8 0
227 7 54 6 0
95 15 55 23 0
95 15 55 8 0
227 7 55 6 0
95 15 56 23 0
95 15 56 8 0
227 7 56 6 0
95 15 57 23 0
95 15 57 8 0
227 7 57 6 0
95 15 58 23 0
95 15 58 8 0
227 7 58 6 0
95 15 59 23 0
95 15 59 8 0
227 7 59 6 0
95 15 60 23 0
95 15 60 8 0
227 7 60 6 0
95 15 61 23 0
95 15 61 8 0
227 7 61 6 0
95 15 62 23 0
95 15 62 8 0
227 7 62 6 0
95 15 63 23 0
95 15 63 8 0
227 7 63 6 0
95 15 64 23 0
95 15 64 8 0
227 7 64 6 0
95 15 65 23 0
95 15 65 8 0
227 7 65 6 0
95 15 66 23 0
95 15 66 8 0
227 7 66 6 0
95 15 67 23 0
95 15 67 8 0
227 7 67 6 0
95 15 68 23 0
95 15 68 8 0
227 7 68 6 0
95 15 69 23 0
95 15 69 8 0
227 7 69 6 0
95 15 70 23 0
95 15 70 8 0
227 7 70 6 0
95 15 71 23 0
95 15 71 8 0
227 7 71 6 0
95 15 72 23 0
95 15 72 8 0
227 7 72 6 0
95 15 73 23 0
95 15 73 8 0
227 7 73 6 0
95 15 74 23 0
95 15 74 8 0
227 7 74 6 0
95 15 75 23 0
95 15 75 8 0
227 7 75 6 0
95 15 76 23 0
95 15 76 8 0
227 7 76 6 0
95 15 77 23 0
95 15 77 8 0
227 7 77 6 0
95 15 78 23 0
95 15 78 8 0
227 7 78 6 0
95 15 79 23 0
95 15 79 8 0
227 7 79 6 0
95 15 80 23 0
95 15 80 8 0
227 7 80 6 0
95 15 81 23 0
95 15 81 8 0
227 7 81 6 0
95 15 82 23 0
95 15 82 8 0
227 7 82 6 0
95 15 83 23 0
95 15 83 8 0
227 7 83 6 0
95 15 84 23 0
95 15 84 8 0
227 7 84 6 0
95 15 85 23 0
95 15 85 8 0
227 7 85 6 0
95 15 86 23 0
95 15 86 8 0
227 7 86 6 0
95 15 87 23 0
95 15 87 8 0
227 7 87 6 0
95 15 88 23 0
95 15 88 8 0
227 7 88 6 0
95 15 89 23 0
95 15 89 8 0
227 7 89 6 0
95 15 90 23 0
95 15 90 8 0
227 7 90 6 0
95 15 91 23 0
95 15 91 8 0
227 7 91 6 0
95 15 92 23 0
95 15 92 8 0
227 7 92 6 0
95 15 93 23 0
95 15 93 8 0
227 7 93 6 0
95 15 94 23 0
95 15 94 8 0
227 7 94 6 0
95 15 95 23 0
95 15 95 8 0
227 7 95 6 0
95 15 96 23 0
95 15 96 8 0
227 7 96 6 0
95 15 97 23 0
95 15 97 8 0
227 7 97 6 0
95 15 98 23 0
95 15 98 8 0
227 7 98 6 0
254 15 5 22 0
254 15 5 19 0
254 15 5 16 0
254 15 5 13 0
254 15 5 10 0
254 15 6 22 0
254 15 6 19 0
254 15 6 16 0
254 15 6 13 0
254 15 6 10 0
254 15 7 22 0
254 15 7 19 0
254 15 7 16 0
254 15 7 13 0
254 15 7 10 0
254 15 8 22 0
254 15 8 19 0
254 15 8 16 0
254 15 8 13 0
254 15 8 10 0
254 15 9 22 0
254 15 9 19 0
254 15 9 16 0
254 15 9 13 0
254 15 9 10 0
254 15 10 22 0
254 15 10 19 0
254 15 10 16 0
254 15 10 13 0
254 15 10 10 0
254 15 11 22 0
254 15 11 19 0
254 15 11 16 0
254 15 11 13 0
254 15 11 10 0
254 15 12 22 0
254 15 12 19 0
254 15 12 16 0
254 15 12 13 0
254 15 12 10 0
254 15 13 22 0
254 15 13 19 0
254 15 13 16 0
254 15 13 13 0
254 15 13 10 0
254 15 14 22 0
254 15 14 19 0
254 15 14 16 0
254 15 14 13 0
254 15 14 10 0
254 15 15 22 0
254 15 15 19 0
254 15 15 16 0
254 15 15 13 0
254 15 15 10 0
254 15 40 22 0
254 15 40 19 0
254 15 40 16 0
254 15 40 13 0
254 15 40 10 0
254 15 41 22 0
254 15 41 19 0
254 15 41 16 0
254 15 41 13 0
254 15 41 10 0
254 15 42 22 0
254 15 42 19 0
254 15 42 16 0
254 15 42 13 0
254 15 42 10 0
254 15 43 22 0
254 15 43 19 0
254 15 43 16 0
254 15 43 13 0
254 15 43 10 0
254 15 44 22 0
254 15 44 19 0
254 15 44 16 0
254 15 44 13 0
254 15 44 10 0
254 15 45 22 0
254 15 45 19 0
254 15 45 16 0
254 15 45 13 0
254 15 45 10 0
254 15 46 22 0
254 15 46 19 0
254 15 46 16 0
254 15 46 13 0
254 15 46 10 0
254 15 47 22 0
254 15 47 19 0
254 15 47 16 0
254 15 47 13 0
254 15 47 10 0
254 15 48 22 0
254 15 48 19 0
254 15 48 16 0
254 15 48 13 0
254 15 48 10 0
254 15 49 22 0
254 15 49 19 0
254 15 49 16 0
254 15 49 13 0
254 15 49 10 0
254 15 50 22 0
254 15 50 19 0
254 15 50 16 0
254 15 50 13 0
254 15 50 10 0
254 15 80 22 0
254 15 80 19 0
254 15 80 16 0
254 15 80 13 0
254 15 80 10 0
254 15 81 22 0
254 15 81 19 0
254 15 81 16 0
254 15 81 13 0
254 15 81 10 0
254 15 82 22 0
254 15 82 19 0
254 15 82 16 0
254 15 82 13 0
254 15 82 10 0
254 15 83 22 0
254 15 83 19 0
254 15 83 16 0
254 15 83 13 0
254 15 83 10 0
254 15 84 22 0
254 15 84 19 0
254 15 84 16 0
254 15 84 13 0
254 15 84 10 0
254 15 85 22 0
254 15 85 19 0
254 15 85 16 0
254 15 85 13 0
254 15 85 10 0
254 15 86 22 0
254 15 86 19 0
254 15 86 16 0
254 15 86 13 0
254 15 86 10 0
254 15 87 22 0
254 15 87 19 0
254 15 87 16 0
254 15 87 13 0
254 15 87 10 0
254 15 88 22 0
254 15 88 19 0
254 15 88 16 0
254 15 88 13 0
254 15 88 10 0
254 15 89 22 0
254 15 89 19 0
254 15 89 16 0
254 15 89 13 0
254 15 89 10 0
254 15 90 22 0
254 15 90 19 0
254 15 90 16 0
254 15 90 13 0
254 15 90 10 0
167 12 20 7 1
167 12 21 7 1
167 12 22 7 1
167 12 23 7 1
167 12 24 7 1
167 12 25 7 1
167 12 26 7 1
167 12 27 7 1
167 12 28 7 1
167 12 29 7 1
167 12 30 7 1
157 6 1 7 1
157 6 2 7 1
157 6 3 7 1
157 6 4 7 1
157 6 5 7 1
157 6 6 7 1
157 6 7 7 1
157 6 8 7 1
157 6 9 7 1
157 6 10 7 1
157 6 40 7 1
157 6 41 7 1
157 6 42 7 1
157 6 43 7 1
157 6 44 7 1
157 6 45 7 1
157 6 46 7 1
157 6 47 7 1
157 6 48 7 1
157 6 49 7 1
157 6 50 7 1
167 12 60 7 1
167 12 61 7 1
167 12 62 7 1
167 12 63 7 1
167 12 64 7 1
167 12 65 7 1
167 12 66 7 1
167 12 67 7 1
167 12 68 7 1
167 12 69 7 1
167 12 70 7 1
157 6 80 7 1
157 6 81 7 1
157 6 82 7 1
157 6 83 7 1
157 6 84 7 1
157 6 85 7 1
157 6 86 7 1
157 6 87 7 1
157 6 88 7 1
157 6 89 7 1
157 6 90 7 1
194 11 30 4 1
194 11 31 4 1
194 11 32 4 1
194 11 33 4 1
194 11 34 4 1
194 11 35 4 1
194 11 36 4 1
194 11 37 4 1
194 11 38 4 1
194 11 39 4 1
194 11 40 4 1
194 11 41 4 1
194 11 42 4 1
194 11 43 4 1
194 11 44 4 1
194 11 45 4 1
194 11 46 4 1
194 11 47 4 1
194 11 48 4 1
194 11 49 4 1
194 11 50 4 1
194 11 51 4 1
194 11 52 4 1
194 11 53 4 1
194 11 54 4 1
194 11 55 4 1
194 11 56 4 1
194 11 57 4 1
194 11 58 4 1
194 11 59 4 1
194 11 60 4 1
194 11 61 4 1
194 11 62 4 1
194 11 63 4 1
194 11 64 4 1
194 11 65 4 1
194 11 66 4 1
194 11 67 4 1
194 11 68 4 1
194 11 69 4 1
194 11 70 4 1
194 11 1 4 1
194 11 2 4 1
194 11 3 4 1
194 11 4 4 1
194 11 5 4 1
194 11 6 4 1
194 11 7 4 1
194 11 8 4 1
194 11 9 4 1
194 11 10 4 1
194 11 11 4 1
194 11 12 4 1
194 11 13 4 1
194 11 14 4 1
194 11 15 4 1
194 11 85 4 1
194 11 86 4 1
194 11 87 4 1
194 11 88 4 1
194 11 89 4 1
194 11 90 4 1
194 11 91 4 1
194 11 92 4 1
194 11 93 4 1
194 11 94 4 1
194 11 95 4 1
194 11 96 4 1
194 11 97 4 1
194 11 98 4 1
167 12 30 24 1
167 12 31 24 1
167 12 32 24 1
167 12 33 24 1
167 12 34 24 1
167 12 35 24 1
167 12 36 24 1
167 12 37 24 1
167 12 38 24 1
167 12 39 24 1
167 12 40 24 1
232 10 10 24 1
232 10 11 24 1
232 10 12 24 1
232 10 13 24 1
232 10 14 24 1
232 10 15 24 1
232 10 16 24 1
232 10 17 24 1
232 10 18 24 1
167 12 70 24 1
167 12 71 24 1
167 12 72 24 1
167 12 73 24 1
167 12 74 24 1
167 12 75 24 1
167 12 76 24 1
167 12 77 24 1
167 12 78 24 1
167 12 79 24 1
167 12 80 24 1
232 10 91 24 1
232 10 92 24 1
232 10 93 24 1
232 10 94 24 1
232 10 95 24 1
232 10 96 24 1
232 10 97 24 1
232 10 98 24 1
95 14 35 2 0
95 14 36 2 0
95 14 37 2 0
95 14 38 2 0
95 14 39 2 0
95 14 40 2 0
95 14 41 2 0
95 14 42 2 0
95 14 43 2 0
95 14 44 2 0
95 14 45 2 0
95 14 46 2 0
95 14 47 2 0
95 14 48 2 0
95 14 49 2 0
95 14 50 2 0
95 14 51 2 0
95 14 52 2 0
95 14 53 2 0
95 14 54 2 0
95 14 55 2 0
95 14 56 2 0
95 14 57 2 0
95 14 58 2 0
95 14 59 2 0
95 14 60 2 0
95 14 61 2 0
95 14 62 2 0
95 14 63 2 0
95 14 64 2 0
95 14 65 2 0
71 14 48 1 0
79 14 49 1 0
65 14 50 1 0
76 14 51 1 0
