186 13 0 0 1
186 13 99 0 1
186 13 0 1 1
186 13 99 1 1
186 13 0 2 1
186 13 99 2 1
186 13 0 3 1
186 13 99 3 1
186 13 0 4 1
186 13 99 4 1
186 13 0 5 1
186 13 99 5 1
186 13 0 6 1
186 13 99 6 1
186 13 0 7 1
186 13 99 7 1
186 13 0 8 1
186 13 99 8 1
186 13 0 9 1
186 13 99 9 1
186 13 0 10 1
186 13 99 10 1
186 13 0 11 1
186 13 99 11 1
186 13 0 12 1
186 13 99 12 1
186 13 0 13 1
186 13 99 13 1
186 13 0 14 1
186 13 99 14 1
186 13 0 15 1
186 13 99 15 1
186 13 0 16 1
186 13 99 16 1
186 13 0 17 1
186 13 99 17 1
186 13 0 18 1
186 13 99 18 1
186 13 0 19 1
186 13 99 19 1
186 13 0 20 1
186 13 99 20 1
186 13 0 21 1
186 13 99 21 1
186 13 0 22 1
186 13 99 22 1
186 13 0 23 1
186 13 99 23 1
186 13 0 24 1
186 13 99 24 1
186 13 0 25 1
186 13 99 25 1
186 13 0 26 1
186 13 99 26 1
186 13 0 27 1
186 13 99 27 1
186 13 0 28 1
186 13 99 28 1
186 13 0 29 1
186 13 99 29 1
205 13 0 0 1
205 13 0 29 1
205 13 1 0 1
205 13 1 29 1
205 13 2 0 1
205 13 2 29 1
205 13 3 0 1
205 13 3 29 1
205 13 4 0 1
205 13 4 29 1
205 13 5 0 1
205 13 5 29 1
205 13 6 0 1
205 13 6 29 1
205 13 7 0 1
205 13 7 29 1
205 13 8 0 1
205 13 8 29 1
205 13 9 0 1
205 13 9 29 1
205 13 10 0 1
205 13 10 29 1
205 13 11 0 1
205 13 11 29 1
205 13 12 0 1
205 13 12 29 1
205 13 13 0 1
205 13 13 29 1
205 13 14 0 1
205 13 14 29 1
205 13 15 0 1
205 13 15 29 1
205 13 16 0 1
205 13 16 29 1
205 13 17 0 1
205 13 17 29 1
205 13 18 0 1
205 13 18 29 1
205 13 19 0 1
205 13 19 29 1
205 13 20 0 1
205 13 20 29 1
205 13 21 0 1
205 13 21 29 1
205 13 22 0 1
205 13 22 29 1
205 13 23 0 1
205 13 23 29 1
205 13 24 0 1
205 13 24 29 1
205 13 25 0 1
205 13 25 29 1
205 13 26 0 1
205 13 26 29 1
205 13 27 0 1
205 13 27 29 1
205 13 28 0 1
205 13 28 29 1
205 13 29 0 1
205 13 29 29 1
205 13 30 0 1
205 13 30 29 1
205 13 31 0 1
205 13 31 29 1
205 13 32 0 1
205 13 32 29 1
205 13 33 0 1
205 13 33 29 1
205 13 34 0 1
205 13 34 29 1
205 13 35 0 1
205 13 35 29 1
205 13 36 0 1
205 13 36 29 1
205 13 37 0 1
205 13 37 29 1
205 13 38 0 1
205 13 38 29 1
205 13 39 0 1
205 13 39 29 1
205 13 40 0 1
205 13 40 29 1
205 13 41 0 1
205 13 41 29 1
205 13 42 0 1
205 13 42 29 1
205 13 43 0 1
205 13 43 29 1
205 13 44 0 1
205 13 44 29 1
205 13 45 0 1
205 13 45 29 1
205 13 46 0 1
205 13 46 29 1
205 13 47 0 1
205 13 47 29 1
205 13 48 0 1
205 13 48 29 1
205 13 49 0 1
205 13 49 29 1
205 13 50 0 1
205 13 50 29 1
205 13 51 0 1
205 13 51 29 1
205 13 52 0 1
205 13 52 29 1
205 13 53 0 1
205 13 53 29 1
205 13 54 0 1
205 13 54 29 1
205 13 55 0 1
205 13 55 29 1
205 13 56 0 1
205 13 56 29 1
205 13 57 0 1
205 13 57 29 1
205 13 58 0 1
205 13 58 29 1
205 13 59 0 1
205 13 59 29 1
205 13 60 0 1
205 13 60 29 1
205 13 61 0 1
205 13 61 29 1
205 13 62 0 1
205 13 62 29 1
205 13 63 0 1
205 13 63 29 1
205 13 64 0 1
205 13 64 29 1
205 13 65 0 1
205 13 65 29 1
205 13 66 0 1
205 13 66 29 1
205 13 67 0 1
205 13 67 29 1
205 13 68 0 1
205 13 68 29 1
205 13 69 0 1
205 13 69 29 1
205 13 70 0 1
205 13 70 29 1
205 13 71 0 1
205 13 71 29 1
205 13 72 0 1
205 13 72 29 1
205 13 73 0 1
205 13 73 29 1
205 13 74 0 1
205 13 74 29 1
205 13 75 0 1
205 13 75 29 1
205 13 76 0 1
205 13 76 29 1
205 13 77 0 1
205 13 77 29 1
205 13 78 0 1
205 13 78 29 1
205 13 79 0 1
205 13 79 29 1
205 13 80 0 1
205 13 80 29 1
205 13 81 0 1
205 13 81 29 1
205 13 82 0 1
205 13 82 29 1
205 13 83 0 1
205 13 83 29 1
205 13 84 0 1
205 13 84 29 1
205 13 85 0 1
205 13 85 29 1
205 13 86 0 1
205 13 86 29 1
205 13 87 0 1
205 13 87 29 1
205 13 88 0 1
205 13 88 29 1
205 13 89 0 1
205 13 89 29 1
205 13 90 0 1
205 13 90 29 1
205 13 91 0 1
205 13 91 29 1
205 13 92 0 1
205 13 92 29 1
205 13 93 0 1
205 13 93 29 1
205 13 94 0 1
205 13 94 29 1
205 13 95 0 1
205 13 95 29 1
205 13 96 0 1
205 13 96 29 1
205 13 97 0 1
205 13 97 29 1
205 13 98 0 1
205 13 98 29 1
205 13 99 0 1
205 13 99 29 1
201 13 0 0 1
200 13 0 29 1
187 13 99 0 1
188 13 99 29 1
234 10 1 26 1
157 6 1 27 1
234 10 3 26 1
157 6 3 27 1
234 10 5 26 1
157 6 5 27 1
234 10 7 26 1
157 6 7 27 1
234 10 9 26 1
157 6 9 27 1
234 10 11 26 1
157 6 11 27 1
234 10 13 26 1
157 6 13 27 1
234 10 15 26 1
157 6 15 27 1
234 10 17 26 1
157 6 17 27 1
234 10 19 26 1
157 6 19 27 1
167 12 40 26 1
157 6 40 27 1
167 12 42 26 1
157 6 42 27 1
167 12 44 26 1
157 6 44 27 1
167 12 46 26 1
157 6 46 27 1
167 12 48 26 1
157 6 48 27 1
167 12 50 26 1
157 6 50 27 1
167 12 52 26 1
157 6 52 27 1
167 12 54 26 1
157 6 54 27 1
167 12 56 26 1
157 6 56 27 1
167 12 58 26 1
157 6 58 27 1
167 12 60 26 1
157 6 60 27 1
234 10 80 26 1
157 6 80 27 1
234 10 82 26 1
157 6 82 27 1
234 10 84 26 1
157 6 84 27 1
234 10 86 26 1
157 6 86 27 1
234 10 88 26 1
157 6 88 27 1
234 10 90 26 1
157 6 90 27 1
234 10 92 26 1
157 6 92 27 1
234 10 94 26 1
157 6 94 27 1
234 10 96 26 1
157 6 96 27 1
234 10 98 26 1
157 6 98 27 1
232 10 10 2 1
157 6 10 1 1
232 10 12 2 1
157 6 12 1 1
232 10 14 2 1
157 6 14 1 1
232 10 16 2 1
157 6 16 1 1
232 10 18 2 1
157 6 18 1 1
232 10 20 2 1
157 6 20 1 1
232 10 22 2 1
157 6 22 1 1
232 10 24 2 1
157 6 24 1 1
232 10 26 2 1
157 6 26 1 1
232 10 28 2 1
157 6 28 1 1
232 10 30 2 1
157 6 30 1 1
232 10 70 2 1
157 6 70 1 1
232 10 72 2 1
157 6 72 1 1
232 10 74 2 1
157 6 74 1 1
232 10 76 2 1
157 6 76 1 1
232 10 78 2 1
157 6 78 1 1
232 10 80 2 1
157 6 80 1 1
232 10 82 2 1
157 6 82 1 1
232 10 84 2 1
157 6 84 1 1
232 10 86 2 1
157 6 86 1 1
232 10 88 2 1
157 6 88 1 1
232 10 90 2 1
157 6 90 1 1
95 15 1 22 0
227 7 1 7 0
95 15 2 22 0
227 7 2 7 0
95 15 3 22 0
227 7 3 7 0
95 15 4 22 0
227 7 4 7 0
95 15 5 22 0
227 7 5 7 0
95 15 6 22 0
227 7 6 7 0
95 15 7 22 0
227 7 7 7 0
95 15 8 22 0
227 7 8 7 0
95 15 9 22 0
227 7 9 7 0
95 15 10 22 0
227 7 10 7 0
95 15 11 22 0
227 7 11 7 0
95 15 12 22 0
227 7 12 7 0
95 15 13 22 0
227 7 13 7 0
95 15 14 22 0
227 7 14 7 0
95 15 15 22 0
227 7 15 7 0
95 15 16 22 0
227 7 16 7 0
95 15 17 22 0
227 7 17 7 0
95 15 18 22 0
227 7 18 7 0
95 15 19 22 0
227 7 19 7 0
95 15 20 22 0
227 7 20 7 0
95 15 21 22 0
227 7 21 7 0
95 15 22 22 0
227 7 22 7 0
95 15 23 22 0
227 7 23 7 0
95 15 24 22 0
227 7 24 7 0
95 15 25 22 0
227 7 25 7 0
95 15 26 22 0
227 7 26 7 0
95 15 27 22 0
227 7 27 7 0
95 15 28 22 0
227 7 28 7 0
95 15 29 22 0
227 7 29 7 0
95 15 30 22 0
227 7 30 7 0
95 15 31 22 0
227 7 31 7 0
95 15 32 22 0
227 7 32 7 0
95 15 33 22 0
227 7 33 7 0
95 15 34 22 0
227 7 34 7 0
95 15 35 22 0
227 7 35 7 0
95 15 36 22 0
227 7 36 7 0
95 15 37 22 0
227 7 37 7 0
95 15 38 22 0
227 7 38 7 0
95 15 39 22 0
227 7 39 7 0
95 15 40 22 0
227 7 40 7 0
95 15 41 22 0
227 7 41 7 0
95 15 42 22 0
227 7 42 7 0
95 15 43 22 0
227 7 43 7 0
95 15 44 22 0
227 7 44 7 0
95 15 45 22 0
227 7 45 7 0
95 15 46 22 0
227 7 46 7 0
95 15 47 22 0
227 7 47 7 0
95 15 48 22 0
227 7 48 7 0
95 15 49 22 0
227 7 49 7 0
95 15 50 22 0
227 7 50 7 0
95 15 51 22 0
227 7 51 7 0
95 15 52 22 0
227 7 52 7 0
95 15 53 22 0
227 7 53 7 0
95 15 54 22 0
227 7 54 7 0
95 15 55 22 0
227 7 55 7 0
95 15 56 22 0
227 7 56 7 0
95 15 57 22 0
227 7 57 7 0
95 15 58 22 0
227 7 58 7 0
95 15 59 22 0
227 7 59 7 0
95 15 60 22 0
227 7 60 7 0
95 15 61 22 0
227 7 61 7 0
95 15 62 22 0
227 7 62 7 0
95 15 63 22 0
227 7 63 7 0
95 15 64 22 0
227 7 64 7 0
95 15 65 22 0
227 7 65 7 0
95 15 66 22 0
227 7 66 7 0
95 15 67 22 0
227 7 67 7 0
95 15 68 22 0
227 7 68 7 0
95 15 69 22 0
227 7 69 7 0
95 15 70 22 0
227 7 70 7 0
95 15 71 22 0
227 7 71 7 0
95 15 72 22 0
227 7 72 7 0
95 15 73 22 0
227 7 73 7 0
95 15 74 22 0
227 7 74 7 0
95 15 75 22 0
227 7 75 7 0
95 15 76 22 0
227 7 76 7 0
95 15 77 22 0
227 7 77 7 0
95 15 78 22 0
227 7 78 7 0
95 15 79 22 0
227 7 79 7 0
95 15 80 22 0
227 7 80 7 0
95 15 81 22 0
227 7 81 7 0
95 15 82 22 0
227 7 82 7 0
95 15 83 22 0
227 7 83 7 0
95 15 84 22 0
227 7 84 7 0
95 15 85 22 0
227 7 85 7 0
95 15 86 22 0
227 7 86 7 0
95 15 87 22 0
227 7 87 7 0
95 15 88 22 0
227 7 88 7 0
95 15 89 22 0
227 7 89 7 0
95 15 90 22 0
227 7 90 7 0
95 15 91 22 0
227 7 91 7 0
95 15 92 22 0
227 7 92 7 0
95 15 93 22 0
227 7 93 7 0
95 15 94 22 0
227 7 94 7 0
95 15 95 22 0
227 7 95 7 0
95 15 96 22 0
227 7 96 7 0
95 15 97 22 0
227 7 97 7 0
95 15 98 22 0
227 7 98 7 0
254 15 25 21 0
254 15 25 18 0
254 15 25 15 0
254 15 25 12 0
254 15 25 9 0
254 15 26 21 0
254 15 26 18 0
254 15 26 15 0
254 15 26 12 0
254 15 26 9 0
254 15 27 21 0
254 15 27 18 0
254 15 27 15 0
254 15 27 12 0
254 15 27 9 0
254 15 28 21 0
254 15 28 18 0
254 15 28 15 0
254 15 28 12 0
254 15 28 9 0
254 15 29 21 0
254 15 29 18 0
254 15 29 15 0
254 15 29 12 0
254 15 29 9 0
254 15 30 21 0
254 15 30 18 0
254 15 30 15 0
254 15 30 12 0
254 15 30 9 0
254 15 31 21 0
254 15 31 18 0
254 15 31 15 0
254 15 31 12 0
254 15 31 9 0
254 15 32 21 0
254 15 32 18 0
254 15 32 15 0
254 15 32 12 0
254 15 32 9 0
254 15 33 21 0
254 15 33 18 0
254 15 33 15 0
254 15 33 12 0
254 15 33 9 0
254 15 34 21 0
254 15 34 18 0
254 15 34 15 0
254 15 34 12 0
254 15 34 9 0
254 15 35 21 0
254 15 35 18 0
254 15 35 15 0
254 15 35 12 0
254 15 35 9 0
254 15 65 21 0
254 15 65 18 0
254 15 65 15 0
254 15 65 12 0
254 15 65 9 0
254 15 66 21 0
254 15 66 18 0
254 15 66 15 0
254 15 66 12 0
254 15 66 9 0
254 15 67 21 0
254 15 67 18 0
254 15 67 15 0
254 15 67 12 0
254 15 67 9 0
254 15 68 21 0
254 15 68 18 0
254 15 68 15 0
254 15 68 12 0
254 15 68 9 0
254 15 69 21 0
254 15 69 18 0
254 15 69 15 0
254 15 69 12 0
254 15 69 9 0
254 15 70 21 0
254 15 70 18 0
254 15 70 15 0
254 15 70 12 0
254 15 70 9 0
254 15 71 21 0
254 15 71 18 0
254 15 71 15 0
254 15 71 12 0
254 15 71 9 0
254 15 72 21 0
254 15 72 18 0
254 15 72 15 0
254 15 72 12 0
254 15 72 9 0
254 15 73 21 0
254 15 73 18 0
254 15 73 15 0
254 15 73 12 0
254 15 73 9 0
254 15 74 21 0
254 15 74 18 0
254 15 74 15 0
254 15 74 12 0
254 15 74 9 0
254 15 75 21 0
254 15 75 18 0
254 15 75 15 0
254 15 75 12 0
254 15 75 9 0
240 11 20 24 1
240 11 21 24 1
240 11 22 24 1
240 11 23 24 1
240 11 24 24 1
240 11 25 24 1
240 11 26 24 1
240 11 27 24 1
240 11 28 24 1
240 11 29 24 1
240 11 30 24 1
240 11 31 24 1
240 11 32 24 1
240 11 33 24 1
240 11 34 24 1
240 11 35 24 1
240 11 36 24 1
240 11 37 24 1
240 11 38 24 1
240 11 39 24 1
240 11 40 24 1
240 11 60 24 1
240 11 61 24 1
240 11 62 24 1
240 11 63 24 1
240 11 64 24 1
240 11 65 24 1
240 11 66 24 1
240 11 67 24 1
240 11 68 24 1
240 11 69 24 1
240 11 70 24 1
240 11 71 24 1
240 11 72 24 1
240 11 73 24 1
240 11 74 24 1
240 11 75 24 1
240 11 76 24 1
240 11 77 24 1
240 11 78 24 1
240 11 79 24 1
240 11 80 24 1
148 12 5 23 1
148 12 6 23 1
148 12 7 23 1
148 12 8 23 1
148 12 9 23 1
148 12 10 23 1
148 12 11 23 1
148 12 12 23 1
148 12 13 23 1
148 12 14 23 1
148 12 15 23 1
232 10 45 23 1
232 10 46 23 1
232 10 47 23 1
232 10 48 23 1
232 10 49 23 1
232 10 50 23 1
232 10 51 23 1
232 10 52 23 1
232 10 53 23 1
232 10 54 23 1
232 10 55 23 1
232 10 85 23 1
232 10 86 23 1
232 10 87 23 1
232 10 88 23 1
232 10 89 23 1
232 10 90 23 1
232 10 91 23 1
232 10 92 23 1
232 10 93 23 1
232 10 94 23 1
232 10 95 23 1
148 12 20 4 1
148 12 21 4 1
148 12 22 4 1
148 12 23 4 1
148 12 24 4 1
148 12 25 4 1
148 12 26 4 1
148 12 27 4 1
148 12 28 4 1
148 12 29 4 1
148 12 30 4 1
148 12 70 4 1
148 12 71 4 1
148 12 72 4 1
148 12 73 4 1
148 12 74 4 1
148 12 75 4 1
148 12 76 4 1
148 12 77 4 1
148 12 78 4 1
148 12 79 4 1
148 12 80 4 1
194 11 30 5 1
194 11 31 5 1
194 11 32 5 1
194 11 33 5 1
194 11 34 5 1
194 11 35 5 1
194 11 36 5 1
194 11 37 5 1
194 11 38 5 1
194 11 39 5 1
194 11 40 5 1
194 11 41 5 1
194 11 42 5 1
194 11 43 5 1
194 11 44 5 1
194 11 45 5 1
194 11 46 5 1
194 11 47 5 1
194 11 48 5 1
194 11 49 5 1
194 11 50 5 1
194 11 51 5 1
194 11 52 5 1
194 11 53 5 1
194 11 54 5 1
194 11 55 5 1
194 11 56 5 1
194 11 57 5 1
194 11 58 5 1
194 11 59 5 1
194 11 60 5 1
194 11 61 5 1
194 11 62 5 1
194 11 63 5 1
194 11 64 5 1
194 11 65 5 1
194 11 66 5 1
194 11 67 5 1
194 11 68 5 1
194 11 69 5 1
194 11 70 5 1
95 14 35 2 0
95 14 36 2 0
95 14 37 2 0
95 14 38 2 0
95 14 39 2 0
95 14 40 2 0
95 14 41 2 0
95 14 42 2 0
95 14 43 2 0
95 14 44 2 0
95 14 45 2 0
95 14 46 2 0
95 14 47 2 0
95 14 48 2 0
95 14 49 2 0
95 14 50 2 0
95 14 51 2 0
95 14 52 2 0
95 14 53 2 0
95 14 54 2 0
95 14 55 2 0
95 14 56 2 0
95 14 57 2 0
95 14 58 2 0
95 14 59 2 0
95 14 60 2 0
95 14 61 2 0
95 14 62 2 0
95 14 63 2 0
95 14 64 2 0
95 14 65 2 0
71 14 48 1 0
79 14 49 1 0
65 14 50 1 0
76 14 51 1 0
