132
250 14 1 0
45 14 2 0
45 14 3 0
45 14 4 0
45 14 5 0
45 14 6 0
45 14 7 0
45 14 8 0
45 14 9 0
45 14 10 0
45 14 11 0
45 14 12 0
45 14 13 0
45 14 14 0
45 14 15 0
45 14 16 0
45 14 17 0
250 14 18 0
124 14 0 1
124 14 0 2
124 14 0 3
124 14 0 4
124 14 0 5
124 14 0 6
124 14 0 7
124 14 0 8
124 14 0 9
250 14 1 10
45 14 2 10
45 14 3 10
45 14 4 10
45 14 5 10
45 14 6 10
45 14 7 10
45 14 8 10
45 14 9 10
45 14 10 10
45 14 11 10
45 14 12 10
45 14 13 10
45 14 14 10
45 14 15 10
45 14 16 10
45 14 17 10
250 14 18 10
124 14 19 1
124 14 19 2
124 14 19 3
124 14 19 4
124 14 19 5
124 14 19 6
124 14 19 7
124 14 19 8
124 14 19 9
250 14 2 1
45 14 3 1
45 14 4 1
45 14 5 1
45 14 6 1
45 14 7 1
45 14 8 1
45 14 9 1
45 14 10 1
45 14 11 1
45 14 12 1
45 14 13 1
45 14 14 1
45 14 15 1
45 14 16 1
250 14 17 1
250 14 2 9
45 14 3 9
45 14 4 9
45 14 5 9
45 14 6 9
45 14 7 9
45 14 8 9
45 14 9 9
45 14 10 9
45 14 11 9
45 14 12 9
45 14 13 9
45 14 14 9
45 14 15 9
45 14 16 9
250 14 17 9
124 14 2 2
124 14 2 3
124 14 2 4
124 14 2 5
124 14 2 6
124 14 2 7
124 14 2 8
124 14 17 2
124 14 17 3
124 14 17 4
124 14 17 5
124 14 17 6
124 14 17 7
124 14 17 8
95 14 8 2
95 14 9 2
95 14 10 2
95 14 11 2
250 14 6 3
39 14 7 3
39 14 12 3
250 14 13 3
47 14 5 4
250 14 8 4
45 14 9 4
45 14 10 4
250 14 11 4
92 14 14 4
124 14 5 5
124 14 7 5
124 14 12 5
124 14 14 5
92 14 5 6
39 14 8 6
39 14 11 6
45 14 9 6
45 14 10 6
47 14 14 6
39 14 6 7
39 14 13 7
250 14 7 7
250 14 12 7
95 14 8 7
95 14 9 7
95 14 10 7
95 14 11 7
