142
46 14 1 0
45 14 2 0
45 14 3 0
45 14 4 0
45 14 5 0
45 14 6 0
45 14 7 0
45 14 8 0
45 14 9 0
45 14 10 0
45 14 11 0
45 14 12 0
45 14 13 0
45 14 14 0
45 14 15 0
45 14 16 0
45 14 17 0
46 14 18 0
124 14 0 1
46 14 2 1
45 14 3 1
45 14 4 1
45 14 5 1
45 14 6 1
45 14 7 1
45 14 8 1
45 14 9 1
45 14 10 1
45 14 11 1
45 14 12 1
45 14 13 1
45 14 14 1
45 14 15 1
45 14 16 1
46 14 17 1
124 14 19 1
124 14 0 2
124 14 2 2
95 14 4 2
95 14 5 2
95 14 6 2
95 14 7 2
95 14 8 2
95 14 11 2
95 14 12 2
95 14 13 2
95 14 14 2
95 14 15 2
124 14 17 2
124 14 19 2
124 14 0 3
124 14 2 3
124 14 3 3
95 14 4 3
95 14 8 3
124 14 9 3
124 14 10 3
95 14 11 3
95 14 15 3
124 14 16 3
124 14 17 3
124 14 19 3
124 14 0 4
124 14 2 4
124 14 5 4
124 14 7 4
47 14 9 4
92 14 10 4
124 14 12 4
124 14 14 4
124 14 17 4
124 14 19 4
124 14 0 5
124 14 2 5
124 14 5 5
124 14 7 5
47 14 8 5
92 14 11 5
124 14 12 5
124 14 14 5
124 14 17 5
124 14 19 5
124 14 0 6
124 14 2 6
124 14 5 6
47 14 9 6
92 14 10 6
124 14 14 6
124 14 17 6
124 14 19 6
124 14 0 7
124 14 2 7
124 14 5 7
95 14 6 7
95 14 7 7
47 14 8 7
92 14 11 7
95 14 12 7
95 14 13 7
124 14 14 7
124 14 17 7
124 14 19 7
124 14 0 8
124 14 2 8
124 14 17 8
124 14 19 8
124 14 0 9
39 14 2 9
45 14 3 9
45 14 4 9
45 14 5 9
45 14 6 9
45 14 7 9
45 14 8 9
45 14 9 9
45 14 10 9
45 14 11 9
45 14 12 9
45 14 13 9
45 14 14 9
45 14 15 9
45 14 16 9
39 14 17 9
124 14 19 9
39 14 1 10
45 14 2 10
45 14 3 10
45 14 4 10
45 14 5 10
45 14 6 10
45 14 7 10
45 14 8 10
45 14 9 10
45 14 10 10
45 14 11 10
45 14 12 10
45 14 13 10
45 14 14 10
45 14 15 10
45 14 16 10
45 14 17 10
39 14 18 10